0001_0015_0037_0098_0098_13.jpg 1 15 37 98 98
0002_0110_0221_0073_0073_13.jpg 1 110 221 73 73
0003_0223_0080_0086_0086_13.jpg 1 223 80 86 86
0004_0070_0017_0094_0094_13.jpg 1 70 17 94 94
0005_0155_0218_0083_0083_13.jpg 1 155 218 83 83
0006_0346_0046_0080_0080_13.jpg 1 346 46 80 80
0007_0189_0259_0105_0105_13.jpg 1 189 259 105 105
0008_0400_0262_0059_0059_13.jpg 1 400 262 59 59
0009_0329_0174_0103_0103_13.jpg 1 329 174 103 103
0010_0387_0213_0100_0100_13.jpg 1 387 213 100 100
0011_0078_0072_0090_0090_13.jpg 1 78 72 90 90
0012_0152_0221_0090_0090_13.jpg 1 152 221 90 90
0013_0234_0285_0048_0048_13.jpg 1 234 285 48 48
0014_0111_0029_0058_0058_13.jpg 1 111 29 58 58
0015_0248_0123_0073_0073_13.jpg 1 248 123 73 73
0016_0284_0245_0058_0058_13.jpg 1 284 245 58 58
0017_0119_0020_0110_0110_13.jpg 1 119 20 110 110
0018_0146_0186_0096_0096_13.jpg 1 146 186 96 96
0019_0119_0100_0057_0057_13.jpg 1 119 100 57 57
0020_0057_0053_0109_0109_13.jpg 1 57 53 109 109
0021_0110_0297_0102_0102_13.jpg 1 110 297 102 102
0022_0323_0068_0060_0060_13.jpg 1 323 68 60 60
0023_0062_0044_0078_0078_13.jpg 1 62 44 78 78
0024_0210_0292_0108_0108_13.jpg 1 210 292 108 108
0025_0150_0284_0102_0102_13.jpg 1 150 284 102 102
0026_0113_0225_0103_0103_13.jpg 1 113 225 103 103
0027_0022_0026_0052_0052_13.jpg 1 22 26 52 52
0028_0209_0111_0104_0104_13.jpg 1 209 111 104 104
0029_0047_0110_0099_0099_13.jpg 1 47 110 99 99
0030_0085_0027_0085_0085_13.jpg 1 85 27 85 85
0031_0165_0038_0107_0107_13.jpg 1 165 38 107 107
0032_0225_0232_0094_0094_13.jpg 1 225 232 94 94
0033_0285_0044_0103_0103_13.jpg 1 285 44 103 103
0034_0402_0273_0082_0082_13.jpg 1 402 273 82 82
0035_0099_0118_0070_0070_13.jpg 1 99 118 70 70
0036_0065_0056_0104_0104_13.jpg 1 65 56 104 104
0037_0168_0138_0096_0096_13.jpg 1 168 138 96 96
0038_0317_0199_0102_0102_13.jpg 1 317 199 102 102
0039_0115_0060_0087_0087_13.jpg 1 115 60 87 87
0040_0036_0032_0055_0055_13.jpg 1 36 32 55 55
0041_0071_0046_0083_0083_13.jpg 1 71 46 83 83
0042_0043_0029_0091_0091_13.jpg 1 43 29 91 91
0043_0122_0059_0061_0061_13.jpg 1 122 59 61 61
0044_0164_0069_0093_0093_13.jpg 1 164 69 93 93
0045_0105_0226_0082_0082_13.jpg 1 105 226 82 82
0046_0068_0407_0076_0076_13.jpg 1 68 407 76 76
0047_0226_0222_0109_0109_13.jpg 1 226 222 109 109
0048_0395_0162_0057_0057_13.jpg 1 395 162 57 57
0049_0183_0148_0048_0048_13.jpg 1 183 148 48 48
0050_0368_0244_0088_0088_13.jpg 1 368 244 88 88
0051_0081_0199_0049_0049_13.jpg 1 81 199 49 49
0052_0150_0025_0068_0068_13.jpg 1 150 25 68 68
0053_0080_0121_0066_0066_13.jpg 1 80 121 66 66
0054_0172_0187_0081_0081_13.jpg 1 172 187 81 81
0055_0132_0047_0093_0093_13.jpg 1 132 47 93 93
0056_0091_0043_0069_0069_13.jpg 1 91 43 69 69
0057_0132_0047_0091_0091_13.jpg 1 132 47 91 91
0058_0086_0102_0054_0054_13.jpg 1 86 102 54 54
0059_0154_0416_0058_0058_13.jpg 1 154 416 58 58
0060_0384_0108_0077_0077_13.jpg 1 384 108 77 77
0061_0399_0164_0105_0105_13.jpg 1 399 164 105 105
0062_0043_0382_0050_0050_13.jpg 1 43 382 50 50
0063_0103_0049_0060_0060_13.jpg 1 103 49 60 60
0064_0061_0080_0078_0078_13.jpg 1 61 80 78 78
0065_0210_0299_0083_0083_13.jpg 1 210 299 83 83
0066_0426_0088_0098_0098_13.jpg 1 426 88 98 98
0067_0235_0074_0087_0087_13.jpg 1 235 74 87 87
0068_0038_0076_0052_0052_13.jpg 1 38 76 52 52
0069_0057_0123_0049_0049_13.jpg 1 57 123 49 49
0070_0415_0178_0056_0056_13.jpg 1 415 178 56 56
0071_0261_0245_0083_0083_13.jpg 1 261 245 83 83
0072_0394_0266_0107_0107_13.jpg 1 394 266 107 107
0073_0155_0217_0080_0080_13.jpg 1 155 217 80 80
0074_0230_0075_0099_0099_13.jpg 1 230 75 99 99
0075_0313_0107_0100_0100_13.jpg 1 313 107 100 100
0076_0065_0063_0109_0109_13.jpg 1 65 63 109 109
0077_0096_0219_0101_0101_13.jpg 1 96 219 101 101
0078_0428_0063_0072_0072_13.jpg 1 428 63 72 72
0079_0004_0097_0106_0106_13.jpg 1 4 97 106 106
0080_0446_0086_0064_0064_13.jpg 1 446 86 64 64
0081_0034_0136_0065_0065_13.jpg 1 34 136 65 65
0082_0161_0246_0105_0105_13.jpg 1 161 246 105 105
0083_0083_0178_0064_0064_13.jpg 1 83 178 64 64
0084_0398_0290_0105_0105_13.jpg 1 398 290 105 105
0085_0417_0064_0079_0079_13.jpg 1 417 64 79 79
0086_0072_0196_0087_0087_13.jpg 1 72 196 87 87
0087_0070_0108_0063_0063_13.jpg 1 70 108 63 63
0088_0147_0205_0055_0055_13.jpg 1 147 205 55 55
0089_0058_0085_0081_0081_13.jpg 1 58 85 81 81
0090_0220_0209_0099_0099_13.jpg 1 220 209 99 99
0091_0251_0212_0078_0078_13.jpg 1 251 212 78 78
0092_0166_0110_0078_0078_13.jpg 1 166 110 78 78
0093_0326_0196_0098_0098_13.jpg 1 326 196 98 98
0094_0141_0059_0088_0088_13.jpg 1 141 59 88 88
0095_0081_0048_0092_0092_13.jpg 1 81 48 92 92
0096_0035_0041_0090_0090_13.jpg 1 35 41 90 90
0097_0235_0291_0102_0102_13.jpg 1 235 291 102 102
0098_0166_0179_0109_0109_13.jpg 1 166 179 109 109
0099_0186_0281_0069_0069_13.jpg 1 186 281 69 69
0100_0067_0080_0076_0076_13.jpg 1 67 80 76 76
0101_0084_0094_0087_0087_13.jpg 1 84 94 87 87
0102_0240_0256_0055_0055_13.jpg 1 240 256 55 55
0103_0081_0024_0059_0059_13.jpg 1 81 24 59 59
0104_0097_0180_0086_0086_13.jpg 1 97 180 86 86
0105_0222_0196_0111_0111_13.jpg 1 222 196 111 111
0106_0107_0111_0089_0089_13.jpg 1 107 111 89 89
0107_0172_0250_0096_0096_13.jpg 1 172 250 96 96
0108_0023_0131_0053_0053_13.jpg 1 23 131 53 53
0109_0118_0042_0098_0098_13.jpg 1 118 42 98 98
0110_0285_0299_0064_0064_13.jpg 1 285 299 64 64
0111_0459_0204_0049_0049_13.jpg 1 459 204 49 49
0112_0080_0116_0084_0084_13.jpg 1 80 116 84 84
0113_0449_0098_0071_0071_13.jpg 1 449 98 71 71
0114_0114_0106_0099_0099_13.jpg 1 114 106 99 99
0115_0145_0123_0071_0071_13.jpg 1 145 123 71 71
0116_0297_0110_0097_0097_13.jpg 1 297 110 97 97
0117_0113_0166_0052_0052_13.jpg 1 113 166 52 52
0118_0125_0089_0071_0071_13.jpg 1 125 89 71 71
0119_0031_0079_0094_0094_13.jpg 1 31 79 94 94
0120_0045_0068_0095_0095_13.jpg 1 45 68 95 95
0121_0175_0156_0085_0085_13.jpg 1 175 156 85 85
0122_0092_0248_0099_0099_13.jpg 1 92 248 99 99
0123_0373_0164_0095_0095_13.jpg 1 373 164 95 95
0124_0101_0021_0063_0063_13.jpg 1 101 21 63 63
0125_0106_0010_0082_0082_13.jpg 1 106 10 82 82
0126_0284_0280_0054_0054_13.jpg 1 284 280 54 54
0127_0185_0358_0069_0069_13.jpg 1 185 358 69 69
0128_0059_0098_0079_0079_13.jpg 1 59 98 79 79
