0001_0050_0020_0123_0123_15.jpg 1 50 20 123 123
0002_0107_0214_0085_0085_15.jpg 1 107 214 85 85
0003_0216_0075_0104_0104_15.jpg 1 216 75 104 104
0004_0012_0018_0117_0117_15.jpg 1 12 18 117 117
0005_0150_0209_0100_0100_15.jpg 1 150 209 100 100
0006_0337_0044_0095_0095_15.jpg 1 337 44 95 95
0007_0179_0240_0132_0132_15.jpg 1 179 240 132 132
0008_0396_0259_0064_0064_15.jpg 1 396 259 64 64
0009_0116_0118_0130_0130_15.jpg 1 116 118 130 130
0010_0369_0199_0125_0125_15.jpg 1 369 199 125 125
0011_0044_0076_0110_0110_15.jpg 1 44 76 110 110
0012_0146_0209_0111_0111_15.jpg 1 146 209 111 111
0013_0321_0208_0048_0048_15.jpg 1 321 208 48 48
0014_0109_0028_0064_0064_15.jpg 1 109 28 64 64
0015_0391_0074_0085_0085_15.jpg 1 391 74 85 85
0016_0282_0242_0063_0063_15.jpg 1 282 242 63 63
0017_0020_0017_0140_0140_15.jpg 1 20 17 140 140
0018_0097_0177_0119_0119_15.jpg 1 97 177 119 119
0019_0117_0113_0061_0061_15.jpg 1 117 113 61 61
0020_0019_0041_0138_0138_15.jpg 1 19 41 138 138
0021_0105_0276_0128_0128_15.jpg 1 105 276 128 128
0022_0319_0067_0066_0066_15.jpg 1 319 67 66 66
0023_0058_0047_0092_0092_15.jpg 1 58 47 92 92
0024_0199_0270_0136_0136_15.jpg 1 199 270 136 136
0025_0142_0264_0128_0128_15.jpg 1 142 264 128 128
0026_0153_0147_0130_0130_15.jpg 1 153 147 130 130
0027_0014_0026_0054_0054_15.jpg 1 14 26 54 54
0028_0199_0103_0131_0131_15.jpg 1 199 103 131 131
0029_0018_0091_0124_0124_15.jpg 1 18 91 124 124
0030_0046_0025_0102_0102_15.jpg 1 46 25 102 102
0031_0081_0041_0135_0135_15.jpg 1 81 41 135 135
0032_0150_0316_0116_0116_15.jpg 1 150 316 116 116
0033_0186_0059_0130_0130_15.jpg 1 186 59 130 130
0034_0389_0259_0099_0099_15.jpg 1 389 259 99 99
0035_0172_0093_0081_0081_15.jpg 1 172 93 81 81
0036_0068_0045_0130_0130_15.jpg 1 68 45 130 130
0037_0161_0129_0119_0119_15.jpg 1 161 129 119 119
0038_0302_0186_0128_0128_15.jpg 1 302 186 128 128
0039_0031_0063_0106_0106_15.jpg 1 31 63 106 106
0040_0014_0038_0058_0058_15.jpg 1 14 38 58 58
0041_0163_0042_0099_0099_15.jpg 1 163 42 99 99
0042_0039_0025_0112_0112_15.jpg 1 39 25 112 112
0043_0121_0058_0067_0067_15.jpg 1 121 58 67 67
0044_0258_0039_0115_0115_15.jpg 1 258 39 115 115
0045_0102_0217_0099_0099_15.jpg 1 102 217 99 99
0046_0066_0397_0089_0089_15.jpg 1 66 397 89 89
0047_0214_0204_0138_0138_15.jpg 1 214 204 138 138
0048_0392_0161_0061_0061_15.jpg 1 392 161 61 61
0049_0183_0122_0048_0048_15.jpg 1 183 122 48 48
0050_0356_0230_0107_0107_15.jpg 1 356 230 107 107
0051_0081_0198_0050_0050_15.jpg 1 81 198 50 50
0052_0056_0024_0077_0077_15.jpg 1 56 24 77 77
0053_0079_0119_0074_0074_15.jpg 1 79 119 74 74
0054_0167_0179_0097_0097_15.jpg 1 167 179 97 97
0055_0154_0020_0115_0115_15.jpg 1 154 20 115 115
0056_0042_0040_0080_0080_15.jpg 1 42 40 80 80
0057_0120_0021_0111_0111_15.jpg 1 120 21 111 111
0058_0039_0107_0058_0058_15.jpg 1 39 107 58 58
0059_0211_0298_0063_0063_15.jpg 1 211 298 63 63
0060_0373_0104_0092_0092_15.jpg 1 373 104 92 92
0061_0378_0152_0133_0133_15.jpg 1 378 152 133 133
0062_0059_0277_0052_0052_15.jpg 1 59 277 52 52
0063_0146_0048_0065_0065_15.jpg 1 146 48 65 65
0064_0035_0073_0093_0093_15.jpg 1 35 73 93 93
0065_0204_0286_0100_0100_15.jpg 1 204 286 100 100
0066_0282_0120_0121_0121_15.jpg 1 282 120 121 121
0067_0227_0071_0106_0106_15.jpg 1 227 71 106 106
0068_0037_0075_0054_0054_15.jpg 1 37 75 54 54
0069_0078_0114_0049_0049_15.jpg 1 78 114 49 49
0070_0298_0244_0060_0060_15.jpg 1 298 244 60 60
0071_0253_0234_0099_0099_15.jpg 1 253 234 99 99
0072_0373_0246_0135_0135_15.jpg 1 373 246 135 135
0073_0150_0208_0096_0096_15.jpg 1 150 208 96 96
0074_0152_0101_0123_0123_15.jpg 1 152 101 123 123
0075_0298_0098_0125_0125_15.jpg 1 298 98 125 125
0076_0056_0047_0139_0139_15.jpg 1 56 47 139 139
0077_0091_0205_0126_0126_15.jpg 1 91 205 126 126
0078_0418_0061_0084_0084_15.jpg 1 418 61 84 84
0079_0015_0077_0134_0134_15.jpg 1 15 77 134 134
0080_0440_0085_0071_0071_15.jpg 1 440 85 71 71
0081_0033_0130_0073_0073_15.jpg 1 33 130 73 73
0082_0153_0228_0132_0132_15.jpg 1 153 228 132 132
0083_0113_0126_0072_0072_15.jpg 1 113 126 72 72
0084_0378_0269_0132_0132_15.jpg 1 378 269 132 132
0085_0287_0088_0094_0094_15.jpg 1 287 88 94 94
0086_0070_0186_0106_0106_15.jpg 1 70 186 106 106
0087_0126_0103_0071_0071_15.jpg 1 126 103 71 71
0088_0147_0203_0058_0058_15.jpg 1 147 203 58 58
0089_0152_0076_0097_0097_15.jpg 1 152 76 97 97
0090_0210_0195_0123_0123_15.jpg 1 210 195 123 123
0091_0245_0205_0092_0092_15.jpg 1 245 205 92 92
0092_0160_0107_0092_0092_15.jpg 1 160 107 92 92
0093_0311_0184_0122_0122_15.jpg 1 311 184 122 122
0094_0129_0052_0107_0107_15.jpg 1 129 52 107 107
0095_0161_0041_0113_0113_15.jpg 1 161 41 113 113
0096_0031_0035_0111_0111_15.jpg 1 31 35 111 111
0097_0319_0190_0128_0128_15.jpg 1 319 190 128 128
0098_0107_0243_0138_0138_15.jpg 1 107 243 138 138
0099_0183_0274_0079_0079_15.jpg 1 183 274 79 79
0100_0077_0050_0089_0089_15.jpg 1 77 50 89 89
0101_0078_0095_0105_0105_15.jpg 1 78 95 105 105
0102_0239_0253_0059_0059_15.jpg 1 239 253 59 59
0103_0072_0023_0064_0064_15.jpg 1 72 23 64 64
0104_0093_0175_0104_0104_15.jpg 1 93 175 104 104
0105_0209_0180_0141_0141_15.jpg 1 209 180 141 141
0106_0101_0058_0109_0109_15.jpg 1 101 58 109 109
0107_0164_0235_0120_0120_15.jpg 1 164 235 120 120
0108_0050_0110_0056_0056_15.jpg 1 50 110 56 56
0109_0040_0034_0123_0123_15.jpg 1 40 34 123 123
0110_0281_0292_0073_0073_15.jpg 1 281 292 73 73
0111_0458_0204_0050_0050_15.jpg 1 458 204 50 50
0112_0078_0103_0101_0101_15.jpg 1 78 103 101 101
0113_0440_0095_0083_0083_15.jpg 1 440 95 83 83
0114_0109_0098_0123_0123_15.jpg 1 109 98 123 123
0115_0071_0117_0082_0082_15.jpg 1 71 117 82 82
0116_0285_0103_0120_0120_15.jpg 1 285 103 120 120
0117_0113_0165_0054_0054_15.jpg 1 113 165 54 54
0118_0079_0083_0082_0082_15.jpg 1 79 83 82 82
0119_0032_0067_0116_0116_15.jpg 1 32 67 116 116
0120_0038_0058_0118_0118_15.jpg 1 38 58 118 118
0121_0169_0149_0103_0103_15.jpg 1 169 149 103 103
0122_0088_0232_0123_0123_15.jpg 1 88 232 123 123
0123_0358_0153_0117_0117_15.jpg 1 358 153 117 117
0124_0076_0028_0071_0071_15.jpg 1 76 28 71 71
0125_0098_0014_0098_0098_15.jpg 1 98 14 98 98
0126_0282_0278_0057_0057_15.jpg 1 282 278 57 57
0127_0180_0352_0079_0079_15.jpg 1 180 352 79 79
0128_0037_0089_0094_0094_15.jpg 1 37 89 94 94
