0001_0045_0025_0144_0144_16.jpg 1 45 25 144 144
0002_0043_0078_0096_0096_16.jpg 1 43 78 96 96
0003_0080_0023_0120_0120_16.jpg 1 80 23 120 120
0004_0057_0015_0136_0136_16.jpg 1 57 15 136 136
0005_0040_0068_0116_0116_16.jpg 1 40 68 116 116
0006_0130_0015_0109_0109_16.jpg 1 130 15 109 109
0007_0013_0057_0157_0157_16.jpg 1 13 57 157 157
0008_0393_0256_0069_0069_16.jpg 1 393 256 69 69
0009_0299_0126_0153_0153_16.jpg 1 299 126 153 153
0010_0354_0187_0147_0147_16.jpg 1 354 187 147 147
0011_0121_0137_0127_0127_16.jpg 1 121 137 127 127
0012_0052_0063_0129_0129_16.jpg 1 52 63 129 129
0013_0082_0092_0048_0048_16.jpg 1 82 92 48 48
0014_0107_0028_0068_0068_16.jpg 1 107 28 68 68
0015_0157_0031_0096_0096_16.jpg 1 157 31 96 96
0016_0123_0063_0067_0067_16.jpg 1 123 63 67 67
0017_0087_0013_0166_0166_16.jpg 1 87 13 166 166
0018_0048_0048_0140_0140_16.jpg 1 48 48 140 140
0019_0044_0108_0065_0065_16.jpg 1 44 108 65 65
0020_0122_0030_0164_0164_16.jpg 1 122 30 164 164
0021_0100_0216_0151_0151_16.jpg 1 100 216 151 151
0022_0317_0067_0071_0071_16.jpg 1 317 67 71 71
0023_0138_0119_0105_0105_16.jpg 1 138 119 105 105
0024_0104_0376_0161_0161_16.jpg 1 104 376 161 161
0025_0047_0066_0151_0151_16.jpg 1 47 66 151 151
0026_0026_0036_0153_0153_16.jpg 1 26 36 153 153
0027_0085_0059_0056_0056_16.jpg 1 85 59 56 56
0028_0064_0017_0155_0155_16.jpg 1 64 17 155 155
0029_0081_0073_0146_0146_16.jpg 1 81 73 146 146
0030_0050_0044_0118_0118_16.jpg 1 50 44 118 118
0031_0074_0003_0160_0160_16.jpg 1 74 3 160 160
0032_0211_0179_0135_0135_16.jpg 1 211 179 135 135
0033_0088_0008_0153_0153_16.jpg 1 88 8 153 153
0034_0148_0100_0114_0114_16.jpg 1 148 100 114 114
0035_0165_0103_0091_0091_16.jpg 1 165 103 91 91
0036_0223_0134_0154_0154_16.jpg 1 223 134 154 154
0037_0105_0180_0139_0139_16.jpg 1 105 180 139 139
0038_0027_0047_0151_0151_16.jpg 1 27 47 151 151
0039_0097_0055_0123_0123_16.jpg 1 97 55 123 123
0040_0035_0038_0061_0061_16.jpg 1 35 38 61 61
0041_0152_0037_0114_0114_16.jpg 1 152 37 114 114
0042_0017_0004_0130_0130_16.jpg 1 17 4 130 130
0043_0120_0057_0072_0072_16.jpg 1 120 57 72 72
0044_0170_0063_0134_0134_16.jpg 1 170 63 134 134
0045_0038_0071_0114_0114_16.jpg 1 38 71 114 114
0046_0037_0100_0101_0101_16.jpg 1 37 100 101 101
0047_0039_0046_0163_0163_16.jpg 1 39 46 163 163
0048_0390_0138_0065_0065_16.jpg 1 390 138 65 65
0049_0279_0210_0048_0048_16.jpg 1 279 210 48 48
0050_0344_0257_0124_0124_16.jpg 1 344 257 124 124
0051_0037_0100_0050_0050_16.jpg 1 37 100 50 50
0052_0242_0024_0086_0086_16.jpg 1 242 24 86 86
0053_0033_0046_0082_0082_16.jpg 1 33 46 82 82
0054_0163_0173_0111_0111_16.jpg 1 163 173 111 111
0055_0737_0180_0134_0134_16.jpg 1 737 180 134 134
0056_0092_0038_0089_0089_16.jpg 1 92 38 89 89
0057_0109_0043_0130_0130_16.jpg 1 109 43 130 130
0058_0083_0106_0061_0061_16.jpg 1 83 106 61 61
0059_0092_0076_0068_0068_16.jpg 1 92 76 68 68
0060_0147_0036_0104_0104_16.jpg 1 147 36 104 104
0061_0360_0118_0157_0157_16.jpg 1 360 118 157 157
0062_0026_0121_0053_0053_16.jpg 1 26 121 53 53
0063_0143_0047_0070_0070_16.jpg 1 143 47 70 70
0064_0206_0185_0106_0106_16.jpg 1 206 185 106 106
0065_0017_0094_0115_0115_16.jpg 1 17 94 115 115
0066_0140_0022_0142_0142_16.jpg 1 140 22 142 142
0067_0223_0058_0123_0123_16.jpg 1 223 58 123 123
0068_0119_0172_0056_0056_16.jpg 1 119 172 56 56
0069_0076_0116_0050_0050_16.jpg 1 76 116 50 50
0070_0409_0175_0064_0064_16.jpg 1 409 175 64 64
0071_0171_0377_0114_0114_16.jpg 1 171 377 114 114
0072_0355_0190_0160_0160_16.jpg 1 355 190 160 160
0073_0033_0071_0109_0109_16.jpg 1 33 71 109 109
0074_0072_0018_0144_0144_16.jpg 1 72 18 144 144
0075_0100_0030_0147_0147_16.jpg 1 100 30 147 147
0076_0147_0164_0165_0165_16.jpg 1 147 164 165 165
0077_0030_0053_0148_0148_16.jpg 1 30 53 148 148
0078_0410_0069_0095_0095_16.jpg 1 410 69 95 95
0079_0061_0233_0159_0159_16.jpg 1 61 233 159 159
0080_0435_0084_0078_0078_16.jpg 1 435 84 78 78
0081_0113_0313_0080_0080_16.jpg 1 113 313 80 80
0082_0049_0044_0156_0156_16.jpg 1 49 44 156 156
0083_0048_0050_0078_0078_16.jpg 1 48 50 78 78
0084_0360_0250_0156_0156_16.jpg 1 360 250 156 156
0085_0158_0014_0107_0107_16.jpg 1 158 14 107 107
0086_0025_0058_0123_0123_16.jpg 1 25 58 123 123
0087_0169_0114_0078_0078_16.jpg 1 169 114 78 78
0088_0065_0086_0061_0061_16.jpg 1 65 86 61 61
0089_0252_0125_0111_0111_16.jpg 1 252 125 111 111
0090_0071_0052_0145_0145_16.jpg 1 71 52 145 145
0091_0096_0071_0105_0105_16.jpg 1 96 71 105 105
0092_0089_0026_0105_0105_16.jpg 1 89 26 105 105
0093_0209_0118_0144_0144_16.jpg 1 209 118 144 144
0094_0158_0090_0124_0124_16.jpg 1 158 90 124 124
0095_0271_0092_0132_0132_16.jpg 1 271 92 132 132
0096_0048_0096_0129_0129_16.jpg 1 48 96 129 129
0097_0061_0048_0151_0151_16.jpg 1 61 48 151 151
0098_0019_0036_0164_0164_16.jpg 1 19 36 164 164
0099_0049_0103_0088_0088_16.jpg 1 49 103 88 88
0100_0073_0067_0101_0101_16.jpg 1 73 67 101 101
0101_0130_0366_0122_0122_16.jpg 1 130 366 122 122
0102_0241_0293_0062_0062_16.jpg 1 241 293 62 62
0103_0179_0055_0069_0069_16.jpg 1 179 55 69 69
0104_0049_0031_0120_0120_16.jpg 1 49 31 120 120
0105_0030_0038_0167_0167_16.jpg 1 30 38 167 167
0106_0169_0378_0126_0126_16.jpg 1 169 378 126 126
0107_0057_0065_0140_0140_16.jpg 1 57 65 140 140
0108_0036_0131_0058_0058_16.jpg 1 36 131 58 58
0109_0310_0099_0144_0144_16.jpg 1 310 99 144 144
0110_0119_0115_0080_0080_16.jpg 1 119 115 80 80
0111_0208_0089_0051_0051_16.jpg 1 208 89 51 51
0112_0187_0270_0117_0117_16.jpg 1 187 270 117 117
0113_0179_0024_0093_0093_16.jpg 1 179 24 93 93
0114_0070_0161_0145_0145_16.jpg 1 70 161 145 145
0115_0115_0136_0092_0092_16.jpg 1 115 136 92 92
0116_0278_0116_0141_0141_16.jpg 1 278 116 141 141
0117_0050_0081_0056_0056_16.jpg 1 50 81 56 56
0118_0115_0078_0091_0091_16.jpg 1 115 78 91 91
0119_0036_0072_0135_0135_16.jpg 1 36 72 135 135
0120_0011_0000_0138_0138_16.jpg 1 11 0 138 138
0121_0164_0143_0119_0119_16.jpg 1 164 143 119 119
0122_0084_0218_0145_0145_16.jpg 1 84 218 145 145
0123_0125_0051_0137_0137_16.jpg 1 125 51 137 137
0124_0222_0067_0078_0078_16.jpg 1 222 67 78 78
0125_0154_0039_0113_0113_16.jpg 1 154 39 113 113
0126_0126_0135_0060_0060_16.jpg 1 126 135 60 60
0127_0032_0095_0088_0088_16.jpg 1 32 95 88 88
0128_0057_0081_0107_0107_16.jpg 1 57 81 107 107
