0001_0019_0031_0119_0119.jpg 1 19 31 119 119
0002_0108_0215_0084_0084.jpg 1 108 215 84 84
0003_0131_0126_0101_0101.jpg 1 131 126 101 101
0004_0039_0019_0114_0114.jpg 1 39 19 114 114
0005_0150_0210_0098_0098.jpg 1 150 210 98 98
0006_0338_0044_0093_0093.jpg 1 338 44 93 93
0007_0180_0242_0129_0129.jpg 1 180 242 129 129
0008_0396_0259_0064_0064.jpg 1 396 259 64 64
0009_0315_0163_0126_0126.jpg 1 315 163 126 126
0010_0372_0202_0121_0121.jpg 1 372 202 121 121
0011_0034_0078_0107_0107.jpg 1 34 78 107 107
0012_0103_0302_0108_0108.jpg 1 103 302 108 108
0013_0321_0208_0048_0048.jpg 1 321 208 48 48
0014_0109_0026_0063_0063.jpg 1 109 26 63 63
0015_0392_0075_0083_0083.jpg 1 392 75 83 83
0016_0282_0243_0062_0062.jpg 1 282 243 62 62
0017_0021_0018_0136_0136.jpg 1 21 18 136 136
0018_0043_0254_0116_0116.jpg 1 43 254 116 116
0019_0117_0114_0060_0060.jpg 1 117 114 60 60
0020_0145_0042_0134_0134.jpg 1 145 42 134 134
0021_0105_0279_0125_0125.jpg 1 105 279 125 125
0022_0320_0068_0065_0065.jpg 1 320 68 65 65
0023_0059_0047_0090_0090.jpg 1 59 47 90 90
0024_0201_0273_0132_0132.jpg 1 201 273 132 132
0025_0143_0267_0125_0125.jpg 1 143 267 125 125
0026_0154_0148_0126_0126.jpg 1 154 148 126 126
0027_0030_0026_0053_0053.jpg 1 30 26 53 53
0028_0200_0105_0127_0127.jpg 1 200 105 127 127
0029_0093_0089_0121_0121.jpg 1 93 89 121 121
0030_0079_0025_0100_0100.jpg 1 79 25 100 100
0031_0133_0042_0131_0131.jpg 1 133 42 131 131
0032_0151_0317_0113_0113.jpg 1 151 317 113 113
0033_0188_0060_0126_0126.jpg 1 188 60 126 126
0034_0391_0261_0097_0097.jpg 1 391 261 97 97
0035_0172_0111_0080_0080.jpg 1 172 111 80 80
0036_0051_0046_0127_0127.jpg 1 51 46 127 127
0037_0162_0131_0116_0116.jpg 1 162 131 116 116
0038_0304_0187_0125_0125.jpg 1 304 187 125 125
0039_0023_0064_0103_0103.jpg 1 23 64 103 103
0040_0035_0038_0058_0058.jpg 1 35 38 58 58
0041_0164_0042_0097_0097.jpg 1 164 42 97 97
0042_0004_0026_0109_0109.jpg 1 4 26 109 109
0043_0121_0058_0066_0066.jpg 1 121 58 66 66
0044_0260_0039_0112_0112.jpg 1 260 39 112 112
0045_0102_0218_0097_0097.jpg 1 102 218 97 97
0046_0066_0399_0087_0087.jpg 1 66 399 87 87
0047_0216_0207_0133_0133.jpg 1 216 207 133 133
0048_0285_0223_0060_0060.jpg 1 285 223 60 60
0049_0183_0148_0048_0048.jpg 1 183 148 48 48
0050_0357_0231_0105_0105.jpg 1 357 231 105 105
0051_0081_0198_0050_0050.jpg 1 81 198 50 50
0052_0054_0024_0076_0076.jpg 1 54 24 76 76
0053_0079_0119_0073_0073.jpg 1 79 119 73 73
0054_0168_0180_0095_0095.jpg 1 168 180 95 95
0055_0055_0040_0112_0112.jpg 1 55 40 112 112
0056_0086_0041_0078_0078.jpg 1 86 41 78 78
0057_0121_0027_0109_0109.jpg 1 121 27 109 109
0058_0085_0108_0057_0057.jpg 1 85 108 57 57
0059_0152_0413_0063_0063.jpg 1 152 413 63 63
0060_0375_0105_0090_0090.jpg 1 375 105 90 90
0061_0381_0154_0129_0129.jpg 1 381 154 129 129
0062_0059_0278_0051_0051.jpg 1 59 278 51 51
0063_0111_0048_0065_0065.jpg 1 111 48 65 65
0064_0036_0074_0091_0091.jpg 1 36 74 91 91
0065_0205_0288_0097_0097.jpg 1 205 288 97 97
0066_0410_0083_0118_0118.jpg 1 410 83 118 118
0067_0228_0071_0103_0103.jpg 1 228 71 103 103
0068_0037_0075_0054_0054.jpg 1 37 75 54 54
0069_0078_0105_0049_0049.jpg 1 78 105 49 49
0070_0412_0176_0060_0060.jpg 1 412 176 60 60
0071_0254_0235_0097_0097.jpg 1 254 235 97 97
0072_0376_0249_0131_0131.jpg 1 376 249 131 131
0073_0151_0210_0093_0093.jpg 1 151 210 93 93
0074_0222_0071_0119_0119.jpg 1 222 71 119 119
0075_0301_0100_0121_0121.jpg 1 301 100 121 121
0076_0057_0050_0135_0135.jpg 1 57 50 135 135
0077_0092_0207_0122_0122.jpg 1 92 207 122 122
0078_0420_0061_0082_0082.jpg 1 420 61 82 82
0079_0012_0079_0130_0130.jpg 1 12 79 130 130
0080_0441_0085_0070_0070.jpg 1 441 85 70 70
0081_0032_0131_0072_0072.jpg 1 32 131 72 72
0082_0154_0231_0128_0128.jpg 1 154 231 128 128
0083_0082_0176_0070_0070.jpg 1 82 176 70 70
0084_0381_0272_0128_0128.jpg 1 381 272 128 128
0085_0288_0088_0092_0092.jpg 1 288 88 92 92
0086_0070_0187_0104_0104.jpg 1 70 187 104 104
0087_0183_0091_0070_0070.jpg 1 183 91 70 70
0088_0147_0203_0058_0058.jpg 1 147 203 58 58
0089_0099_0077_0095_0095.jpg 1 99 77 95 95
0090_0146_0285_0120_0120.jpg 1 146 285 120 120
0091_0174_0291_0090_0090.jpg 1 174 291 90 90
0092_0228_0076_0090_0090.jpg 1 228 76 90 90
0093_0217_0268_0119_0119.jpg 1 217 268 119 119
0094_0131_0053_0104_0104.jpg 1 131 53 104 104
0095_0139_0042_0110_0110.jpg 1 139 42 110 110
0096_0052_0036_0108_0108.jpg 1 52 36 108 108
0097_0221_0279_0124_0124.jpg 1 221 279 124 124
0098_0108_0245_0134_0134.jpg 1 108 245 134 134
0099_0184_0275_0077_0077.jpg 1 184 275 77 77
0100_0044_0074_0087_0087.jpg 1 44 74 87 87
0101_0064_0097_0103_0103.jpg 1 64 97 103 103
0102_0239_0254_0058_0058.jpg 1 239 254 58 58
0103_0050_0023_0063_0063.jpg 1 50 23 63 63
0104_0093_0176_0101_0101.jpg 1 93 176 101 101
0105_0211_0182_0137_0137.jpg 1 211 182 137 137
0106_0102_0044_0106_0106.jpg 1 102 44 106 106
0107_0165_0237_0116_0116.jpg 1 165 237 116 116
0108_0047_0130_0055_0055.jpg 1 47 130 55 55
0109_0126_0035_0119_0119.jpg 1 126 35 119 119
0110_0282_0294_0071_0071.jpg 1 282 294 71 71
0111_0334_0280_0050_0050.jpg 1 334 280 50 50
0112_0062_0105_0099_0099.jpg 1 62 105 99 99
0113_0441_0095_0081_0081.jpg 1 441 95 81 81
0114_0109_0099_0120_0120.jpg 1 109 99 120 120
0115_0093_0119_0080_0080.jpg 1 93 119 80 80
0116_0287_0104_0117_0117.jpg 1 287 104 117 117
0117_0113_0165_0054_0054.jpg 1 113 165 54 54
0118_0024_0084_0080_0080.jpg 1 24 84 80 80
0119_0047_0069_0112_0112.jpg 1 47 69 112 112
0120_0025_0059_0114_0114.jpg 1 25 59 114 114
0121_0169_0150_0101_0101.jpg 1 169 150 101 101
0122_0088_0234_0120_0120.jpg 1 88 234 120 120
0123_0360_0154_0114_0114.jpg 1 360 154 114 114
0124_0068_0028_0070_0070.jpg 1 68 28 70 70
0125_0015_0015_0096_0096.jpg 1 15 15 96 96
0126_0282_0278_0057_0057.jpg 1 282 278 57 57
0127_0181_0352_0078_0078.jpg 1 181 352 78 78
0128_0019_0090_0092_0092.jpg 1 19 90 92 92
