0001_0045_0025_0144_0144_18.jpg 1 45 25 144 144
0002_0043_0078_0096_0096_18.jpg 1 43 78 96 96
0003_0212_0073_0120_0120_18.jpg 1 212 73 120 120
0004_0057_0015_0136_0136_18.jpg 1 57 15 136 136
0005_0056_0068_0116_0116_18.jpg 1 56 68 116 116
0006_0333_0043_0109_0109_18.jpg 1 333 43 109 109
0007_0054_0057_0157_0157_18.jpg 1 54 57 157 157
0008_0393_0256_0069_0069_18.jpg 1 393 256 69 69
0009_0102_0003_0153_0153_18.jpg 1 102 3 153 153
0010_0354_0187_0147_0147_18.jpg 1 354 187 147 147
0011_0090_0161_0127_0127_18.jpg 1 90 161 127 127
0012_0032_0063_0129_0129_18.jpg 1 32 63 129 129
0013_0147_0092_0048_0048_18.jpg 1 147 92 48 48
0014_0244_0067_0068_0068_18.jpg 1 244 67 68 68
0015_0157_0031_0096_0096_18.jpg 1 157 31 96 96
0016_0123_0066_0067_0067_18.jpg 1 123 66 67 67
0017_0087_0013_0166_0166_18.jpg 1 87 13 166 166
0018_0028_0048_0140_0140_18.jpg 1 28 48 140 140
0019_0420_0434_0065_0065_18.jpg 1 420 434 65 65
0020_0372_0128_0164_0164_18.jpg 1 372 128 164 164
0021_0005_0069_0151_0151_18.jpg 1 5 69 151 151
0022_0317_0067_0071_0071_18.jpg 1 317 67 71 71
0023_0138_0119_0105_0105_18.jpg 1 138 119 105 105
0024_0189_0208_0161_0161_18.jpg 1 189 208 161 161
0025_0065_0271_0151_0151_18.jpg 1 65 271 151 151
0026_0026_0036_0153_0153_18.jpg 1 26 36 153 153
0027_0064_0043_0056_0056_18.jpg 1 64 43 56 56
0028_0035_0025_0155_0155_18.jpg 1 35 25 155 155
0029_0081_0073_0146_0146_18.jpg 1 81 73 146 146
0030_0110_0022_0118_0118_18.jpg 1 110 22 118 118
0031_0373_0125_0160_0160_18.jpg 1 373 125 160 160
0032_0076_0063_0135_0135_18.jpg 1 76 63 135 135
0033_0088_0010_0153_0153_18.jpg 1 88 10 153 153
0034_0384_0252_0114_0114_18.jpg 1 384 252 114 114
0035_0401_0237_0091_0091_18.jpg 1 401 237 91 91
0036_0223_0134_0154_0154_18.jpg 1 223 134 154 154
0037_0158_0124_0139_0139_18.jpg 1 158 124 139 139
0038_0015_0047_0151_0151_18.jpg 1 15 47 151 151
0039_0097_0055_0123_0123_18.jpg 1 97 55 123 123
0040_0079_0089_0061_0061_18.jpg 1 79 89 61 61
0041_0395_0094_0114_0114_18.jpg 1 395 94 114 114
0042_0096_0069_0130_0130_18.jpg 1 96 69 130 130
0043_0120_0057_0072_0072_18.jpg 1 120 57 72 72
0044_0054_0013_0134_0134_18.jpg 1 54 13 134 134
0045_0038_0071_0114_0114_18.jpg 1 38 71 114 114
0046_0037_0083_0101_0101_18.jpg 1 37 83 101 101
0047_0067_0046_0163_0163_18.jpg 1 67 46 163 163
0048_0078_0067_0065_0065_18.jpg 1 78 67 65 65
0049_0399_0333_0048_0048_18.jpg 1 399 333 48 48
0050_0344_0257_0124_0124_18.jpg 1 344 257 124 124
0051_0037_0100_0050_0050_18.jpg 1 37 100 50 50
0052_0090_0030_0086_0086_18.jpg 1 90 30 86 86
0053_0030_0046_0082_0082_18.jpg 1 30 46 82 82
0054_0163_0173_0111_0111_18.jpg 1 163 173 111 111
0055_0154_0056_0134_0134_18.jpg 1 154 56 134 134
0056_0092_0038_0089_0089_18.jpg 1 92 38 89 89
0057_0109_0043_0130_0130_18.jpg 1 109 43 130 130
0058_0190_0219_0061_0061_18.jpg 1 190 219 61 61
0059_0092_0123_0068_0068_18.jpg 1 92 123 68 68
0060_0147_0036_0104_0104_18.jpg 1 147 36 104 104
0061_0360_0141_0157_0157_18.jpg 1 360 141 157 157
0062_0015_0121_0053_0053_18.jpg 1 15 121 53 53
0063_0143_0047_0070_0070_18.jpg 1 143 47 70 70
0064_0144_0265_0106_0106_18.jpg 1 144 265 106 106
0065_0024_0094_0115_0115_18.jpg 1 24 94 115 115
0066_0140_0006_0142_0142_18.jpg 1 140 6 142 142
0067_0083_0022_0123_0123_18.jpg 1 83 22 123 123
0068_0119_0172_0056_0056_18.jpg 1 119 172 56 56
0069_0076_0146_0050_0050_18.jpg 1 76 146 50 50
0070_0409_0175_0064_0064_18.jpg 1 409 175 64 64
0071_0246_0262_0114_0114_18.jpg 1 246 262 114 114
0072_0355_0190_0160_0160_18.jpg 1 355 190 160 160
0073_0028_0071_0109_0109_18.jpg 1 28 71 109 109
0074_0049_0018_0144_0144_18.jpg 1 49 18 144 144
0075_0100_0030_0147_0147_18.jpg 1 100 30 147 147
0076_0147_0164_0165_0165_18.jpg 1 147 164 165 165
0077_0089_0164_0148_0148_18.jpg 1 89 164 148 148
0078_0410_0069_0095_0095_18.jpg 1 410 69 95 95
0079_0061_0233_0159_0159_18.jpg 1 61 233 159 159
0080_0084_0033_0078_0078_18.jpg 1 84 33 78 78
0081_0113_0313_0080_0080_18.jpg 1 113 313 80 80
0082_0031_0055_0156_0156_18.jpg 1 31 55 156 156
0083_0025_0050_0078_0078_18.jpg 1 25 50 78 78
0084_0360_0250_0156_0156_18.jpg 1 360 250 156 156
0085_0158_0021_0107_0107_18.jpg 1 158 21 107 107
0086_0068_0181_0123_0123_18.jpg 1 68 181 123 123
0087_0412_0246_0078_0078_18.jpg 1 412 246 78 78
0088_0065_0086_0061_0061_18.jpg 1 65 86 61 61
0089_0259_0134_0111_0111_18.jpg 1 259 134 111 111
0090_0071_0052_0145_0145_18.jpg 1 71 52 145 145
0091_0070_0071_0105_0105_18.jpg 1 70 71 105 105
0092_0225_0064_0105_0105_18.jpg 1 225 64 105 105
0093_0121_0169_0144_0144_18.jpg 1 121 169 144 144
0094_0313_0139_0124_0124_18.jpg 1 313 139 124 124
0095_0399_0113_0132_0132_18.jpg 1 399 113 132 132
0096_0069_0065_0129_0129_18.jpg 1 69 65 129 129
0097_0105_0033_0151_0151_18.jpg 1 105 33 151 151
0098_0149_0153_0164_0164_18.jpg 1 149 153 164 164
0099_0020_0103_0088_0088_18.jpg 1 20 103 88 88
0100_0073_0067_0101_0101_18.jpg 1 73 67 101 101
0101_0188_0253_0122_0122_18.jpg 1 188 253 122 122
0102_0106_0123_0062_0062_18.jpg 1 106 123 62 62
0103_0179_0055_0069_0069_18.jpg 1 179 55 69 69
0104_0049_0019_0120_0120_18.jpg 1 49 19 120 120
0105_0064_0030_0167_0167_18.jpg 1 64 30 167 167
0106_0246_0260_0126_0126_18.jpg 1 246 260 126 126
0107_0109_0331_0140_0140_18.jpg 1 109 331 140 140
0108_0110_0297_0058_0058_18.jpg 1 110 297 58 58
0109_0310_0099_0144_0144_18.jpg 1 310 99 144 144
0110_0119_0115_0080_0080_18.jpg 1 119 115 80 80
0111_0463_0206_0051_0051_18.jpg 1 463 206 51 51
0112_0190_0234_0117_0117_18.jpg 1 190 234 117 117
0113_0179_0025_0093_0093_18.jpg 1 179 25 93 93
0114_0104_0109_0145_0145_18.jpg 1 104 109 145 145
0115_0325_0332_0092_0092_18.jpg 1 325 332 92 92
0116_0189_0170_0141_0141_18.jpg 1 189 170 141 141
0117_0050_0081_0056_0056_18.jpg 1 50 81 56 56
0118_0115_0078_0091_0091_18.jpg 1 115 78 91 91
0119_0026_0116_0135_0135_18.jpg 1 26 116 135 135
0120_0039_0140_0138_0138_18.jpg 1 39 140 138 138
0121_0063_0042_0119_0119_18.jpg 1 63 42 119 119
0122_0084_0218_0145_0145_18.jpg 1 84 218 145 145
0123_0125_0051_0137_0137_18.jpg 1 125 51 137 137
0124_0222_0067_0078_0078_18.jpg 1 222 67 78 78
0125_0126_0034_0113_0113_18.jpg 1 126 34 113 113
0126_0126_0135_0060_0060_18.jpg 1 126 135 60 60
0127_0176_0346_0088_0088_18.jpg 1 176 346 88 88
0128_0057_0081_0107_0107_18.jpg 1 57 81 107 107
