0001_0045_0025_0144_0144.jpg 1 45 25 144 144
0002_0043_0078_0096_0096.jpg 1 43 78 96 96
0003_0209_0084_0120_0120.jpg 1 209 84 120 120
0004_0057_0015_0136_0136.jpg 1 57 15 136 136
0005_0056_0068_0116_0116.jpg 1 56 68 116 116
0006_0333_0043_0109_0109.jpg 1 333 43 109 109
0007_0032_0057_0157_0157.jpg 1 32 57 157 157
0008_0393_0256_0069_0069.jpg 1 393 256 69 69
0009_0102_0040_0153_0153.jpg 1 102 40 153 153
0010_0354_0187_0147_0147.jpg 1 354 187 147 147
0011_0104_0136_0127_0127.jpg 1 104 136 127 127
0012_0007_0063_0129_0129.jpg 1 7 63 129 129
0013_0147_0092_0048_0048.jpg 1 147 92 48 48
0014_0107_0036_0068_0068.jpg 1 107 36 68 68
0015_0383_0083_0096_0096.jpg 1 383 83 96 96
0016_0123_0095_0067_0067.jpg 1 123 95 67 67
0017_0087_0013_0166_0166.jpg 1 87 13 166 166
0018_0048_0012_0140_0140.jpg 1 48 12 140 140
0019_0112_0047_0065_0065.jpg 1 112 47 65 65
0020_0372_0128_0164_0164.jpg 1 372 128 164 164
0021_0034_0069_0151_0151.jpg 1 34 69 151 151
0022_0317_0067_0071_0071.jpg 1 317 67 71 71
0023_0138_0119_0105_0105.jpg 1 138 119 105 105
0024_0189_0208_0161_0161.jpg 1 189 208 161 161
0025_0065_0271_0151_0151.jpg 1 65 271 151 151
0026_0009_0036_0153_0153.jpg 1 9 36 153 153
0027_0085_0059_0056_0056.jpg 1 85 59 56 56
0028_0189_0096_0155_0155.jpg 1 189 96 155 155
0029_0081_0073_0146_0146.jpg 1 81 73 146 146
0030_0189_0066_0118_0118.jpg 1 189 66 118 118
0031_0373_0125_0160_0160.jpg 1 373 125 160 160
0032_0211_0211_0135_0135.jpg 1 211 211 135 135
0033_0052_0010_0153_0153.jpg 1 52 10 153 153
0034_0148_0100_0114_0114.jpg 1 148 100 114 114
0035_0165_0103_0091_0091.jpg 1 165 103 91 91
0036_0223_0134_0154_0154.jpg 1 223 134 154 154
0037_0158_0124_0139_0139.jpg 1 158 124 139 139
0038_0099_0034_0151_0151.jpg 1 99 34 151 151
0039_0255_0168_0123_0123.jpg 1 255 168 123 123
0040_0035_0038_0061_0061.jpg 1 35 38 61 61
0041_0389_0109_0114_0114.jpg 1 389 109 114 114
0042_0051_0073_0130_0130.jpg 1 51 73 130 130
0043_0120_0057_0072_0072.jpg 1 120 57 72 72
0044_0249_0043_0134_0134.jpg 1 249 43 134 134
0045_0038_0071_0114_0114.jpg 1 38 71 114 114
0046_0037_0100_0101_0101.jpg 1 37 100 101 101
0047_0067_0037_0163_0163.jpg 1 67 37 163 163
0048_0173_0067_0065_0065.jpg 1 173 67 65 65
0049_0291_0457_0048_0048.jpg 1 291 457 48 48
0050_0344_0257_0124_0124.jpg 1 344 257 124 124
0051_0037_0100_0050_0050.jpg 1 37 100 50 50
0052_0181_0019_0086_0086.jpg 1 181 19 86 86
0053_0033_0038_0082_0082.jpg 1 33 38 82 82
0054_0163_0173_0111_0111.jpg 1 163 173 111 111
0055_0342_0105_0134_0134.jpg 1 342 105 134 134
0056_0224_0101_0089_0089.jpg 1 224 101 89 89
0057_0109_0043_0130_0130.jpg 1 109 43 130 130
0058_0083_0106_0061_0061.jpg 1 83 106 61 61
0059_0092_0123_0068_0068.jpg 1 92 123 68 68
0060_0147_0036_0104_0104.jpg 1 147 36 104 104
0061_0106_0036_0157_0157.jpg 1 106 36 157 157
0062_0058_0276_0053_0053.jpg 1 58 276 53 53
0063_0143_0047_0070_0070.jpg 1 143 47 70 70
0064_0206_0185_0106_0106.jpg 1 206 185 106 106
0065_0198_0275_0115_0115.jpg 1 198 275 115 115
0066_0140_0022_0142_0142.jpg 1 140 22 142 142
0067_0083_0022_0123_0123.jpg 1 83 22 123 123
0068_0119_0172_0056_0056.jpg 1 119 172 56 56
0069_0129_0200_0050_0050.jpg 1 129 200 50 50
0070_0181_0074_0064_0064.jpg 1 181 74 64 64
0071_0246_0262_0114_0114.jpg 1 246 262 114 114
0072_0355_0190_0160_0160.jpg 1 355 190 160 160
0073_0056_0071_0109_0109.jpg 1 56 71 109 109
0074_0075_0018_0144_0144.jpg 1 75 18 144 144
0075_0193_0162_0147_0147.jpg 1 193 162 147 147
0076_0147_0164_0165_0165.jpg 1 147 164 165 165
0077_0060_0289_0148_0148.jpg 1 60 289 148 148
0078_0169_0026_0095_0095.jpg 1 169 26 95 95
0079_0061_0233_0159_0159.jpg 1 61 233 159 159
0080_0187_0029_0078_0078.jpg 1 187 29 78 78
0081_0113_0313_0080_0080.jpg 1 113 313 80 80
0082_0031_0055_0156_0156.jpg 1 31 55 156 156
0083_0048_0042_0078_0078.jpg 1 48 42 78 78
0084_0360_0250_0156_0156.jpg 1 360 250 156 156
0085_0158_0021_0107_0107.jpg 1 158 21 107 107
0086_0025_0058_0123_0123.jpg 1 25 58 123 123
0087_0294_0194_0078_0078.jpg 1 294 194 78 78
0088_0065_0086_0061_0061.jpg 1 65 86 61 61
0089_0595_0309_0111_0111.jpg 1 595 309 111 111
0090_0071_0052_0145_0145.jpg 1 71 52 145 145
0091_0167_0283_0105_0105.jpg 1 167 283 105 105
0092_0089_0026_0105_0105.jpg 1 89 26 105 105
0093_0209_0115_0144_0144.jpg 1 209 115 144 144
0094_0216_0201_0124_0124.jpg 1 216 201 124 124
0095_0151_0104_0132_0132.jpg 1 151 104 132 132
0096_0030_0041_0129_0129.jpg 1 30 41 129 129
0097_0105_0048_0151_0151.jpg 1 105 48 151 151
0098_0023_0036_0164_0164.jpg 1 23 36 164 164
0099_0072_0103_0088_0088.jpg 1 72 103 88 88
0100_0180_0185_0101_0101.jpg 1 180 185 101 101
0101_0188_0253_0122_0122.jpg 1 188 253 122 122
0102_0241_0293_0062_0062.jpg 1 241 293 62 62
0103_0179_0055_0069_0069.jpg 1 179 55 69 69
0104_0049_0033_0120_0120.jpg 1 49 33 120 120
0105_0064_0030_0167_0167.jpg 1 64 30 167 167
0106_0246_0260_0126_0126.jpg 1 246 260 126 126
0107_0109_0331_0140_0140.jpg 1 109 331 140 140
0108_0060_0255_0058_0058.jpg 1 60 255 58 58
0109_0310_0099_0144_0144.jpg 1 310 99 144 144
0110_0277_0287_0080_0080.jpg 1 277 287 80 80
0111_0463_0180_0051_0051.jpg 1 463 180 51 51
0112_0072_0091_0117_0117.jpg 1 72 91 117 117
0113_0110_0035_0093_0093.jpg 1 110 35 93 93
0114_0104_0109_0145_0145.jpg 1 104 109 145 145
0115_0525_0432_0092_0092.jpg 1 525 432 92 92
0116_0273_0114_0141_0141.jpg 1 273 114 141 141
0117_0050_0081_0056_0056.jpg 1 50 81 56 56
0118_0115_0078_0091_0091.jpg 1 115 78 91 91
0119_0019_0063_0135_0135.jpg 1 19 63 135 135
0120_0100_0162_0138_0138.jpg 1 100 162 138 138
0121_0045_0047_0119_0119.jpg 1 45 47 119 119
0122_0084_0218_0145_0145.jpg 1 84 218 145 145
0123_0125_0051_0137_0137.jpg 1 125 51 137 137
0124_0222_0067_0078_0078.jpg 1 222 67 78 78
0125_0163_0021_0113_0113.jpg 1 163 21 113 113
0126_0126_0135_0060_0060.jpg 1 126 135 60 60
0127_0104_0047_0088_0088.jpg 1 104 47 88 88
0128_0057_0081_0107_0107.jpg 1 57 81 107 107
