0001_0049_0021_0127_0127.jpg 1 49 21 127 127
0002_0107_0213_0087_0087.jpg 1 107 213 87 87
0003_0214_0075_0107_0107.jpg 1 214 75 107 107
0004_0062_0014_0120_0120.jpg 1 62 14 120 120
0005_0149_0207_0103_0103.jpg 1 149 207 103 103
0006_0335_0044_0098_0098.jpg 1 335 44 98 98
0007_0177_0237_0137_0137.jpg 1 177 237 137 137
0008_0395_0258_0065_0065.jpg 1 395 258 65 65
0009_0310_0159_0134_0134.jpg 1 310 159 134 134
0010_0367_0197_0129_0129.jpg 1 367 197 129 129
0011_0070_0065_0113_0113.jpg 1 70 65 113 113
0012_0145_0208_0114_0114.jpg 1 145 208 114 114
0013_0321_0208_0048_0048.jpg 1 321 208 48 48
0014_0050_0028_0064_0064.jpg 1 50 28 64 64
0015_0389_0074_0087_0087.jpg 1 389 74 87 87
0016_0281_0241_0064_0064.jpg 1 281 241 64 64
0017_0021_0017_0145_0145.jpg 1 21 17 145 145
0018_0139_0173_0123_0123.jpg 1 139 173 123 123
0019_0054_0112_0062_0062.jpg 1 54 112 62 62
0020_0138_0017_0143_0143.jpg 1 138 17 143 143
0021_0104_0272_0133_0133.jpg 1 104 272 133 133
0022_0319_0067_0067_0067.jpg 1 319 67 67 67
0023_0058_0046_0094_0094.jpg 1 58 46 94 94
0024_0197_0266_0141_0141.jpg 1 197 266 141 141
0025_0141_0261_0133_0133.jpg 1 141 261 133 133
0026_0151_0145_0134_0134.jpg 1 151 145 134 134
0027_0039_0026_0054_0054.jpg 1 39 26 54 54
0028_0197_0102_0135_0135.jpg 1 197 102 135 135
0029_0047_0087_0128_0128.jpg 1 47 87 128 128
0030_0078_0024_0105_0105.jpg 1 78 24 105 105
0031_0078_0039_0139_0139.jpg 1 78 39 139 139
0032_0149_0314_0119_0119.jpg 1 149 314 119 119
0033_0184_0059_0134_0134.jpg 1 184 59 134 134
0034_0387_0257_0102_0102.jpg 1 387 257 102 102
0035_0150_0109_0083_0083.jpg 1 150 109 83 83
0036_0019_0043_0135_0135.jpg 1 19 43 135 135
0037_0160_0128_0123_0123.jpg 1 160 128 123 123
0038_0299_0183_0133_0133.jpg 1 299 183 133 133
0039_0104_0039_0109_0109.jpg 1 104 39 109 109
0040_0035_0034_0059_0059.jpg 1 35 34 59 59
0041_0102_0041_0102_0102.jpg 1 102 41 102 102
0042_0038_0014_0115_0115.jpg 1 38 14 115 115
0043_0120_0058_0068_0068.jpg 1 120 58 68 68
0044_0257_0038_0118_0118.jpg 1 257 38 118 118
0045_0101_0215_0102_0102.jpg 1 101 215 102 102
0046_0093_0280_0091_0091.jpg 1 93 280 91 91
0047_0212_0202_0142_0142.jpg 1 212 202 142 142
0048_0392_0160_0062_0062.jpg 1 392 160 62 62
0049_0183_0148_0048_0048.jpg 1 183 148 48 48
0050_0354_0228_0110_0110.jpg 1 354 228 110 110
0051_0081_0198_0050_0050.jpg 1 81 198 50 50
0052_0101_0023_0079_0079.jpg 1 101 23 79 79
0053_0056_0165_0076_0076.jpg 1 56 165 76 76
0054_0166_0178_0100_0100.jpg 1 166 178 100 100
0055_0058_0039_0118_0118.jpg 1 58 39 118 118
0056_0095_0035_0082_0082.jpg 1 95 35 82 82
0057_0031_0048_0115_0115.jpg 1 31 48 115 115
0058_0084_0107_0058_0058.jpg 1 84 107 58 58
0059_0210_0297_0064_0064.jpg 1 210 297 64 64
0060_0372_0104_0094_0094.jpg 1 372 104 94 94
0061_0374_0150_0138_0138.jpg 1 374 150 138 138
0062_0059_0277_0052_0052.jpg 1 59 277 52 52
0063_0054_0048_0066_0066.jpg 1 54 48 66 66
0064_0082_0072_0095_0095.jpg 1 82 72 95 95
0065_0203_0285_0102_0102.jpg 1 203 285 102 102
0066_0279_0119_0125_0125.jpg 1 279 119 125 125
0067_0225_0070_0109_0109.jpg 1 225 70 109 109
0068_0037_0075_0054_0054.jpg 1 37 75 54 54
0069_0078_0116_0050_0050.jpg 1 78 116 50 50
0070_0411_0176_0061_0061.jpg 1 411 176 61 61
0071_0252_0232_0102_0102.jpg 1 252 232 102 102
0072_0370_0243_0140_0140.jpg 1 370 243 140 140
0073_0150_0207_0098_0098.jpg 1 150 207 98 98
0074_0218_0069_0127_0127.jpg 1 218 69 127 127
0075_0296_0097_0129_0129.jpg 1 296 97 129 129
0076_0054_0045_0143_0143.jpg 1 54 45 143 143
0077_0062_0295_0130_0130.jpg 1 62 295 130 130
0078_0417_0061_0086_0086.jpg 1 417 61 86 86
0079_0023_0073_0139_0139.jpg 1 23 73 139 139
0080_0439_0085_0073_0073.jpg 1 439 85 73 73
0081_0050_0129_0074_0074.jpg 1 50 129 74 74
0082_0152_0225_0137_0137.jpg 1 152 225 137 137
0083_0081_0175_0073_0073.jpg 1 81 175 73 73
0084_0375_0266_0136_0136.jpg 1 375 266 136 136
0085_0404_0062_0096_0096.jpg 1 404 62 96 96
0086_0069_0184_0110_0110.jpg 1 69 184 110 110
0087_0416_0250_0072_0072.jpg 1 416 250 72 72
0088_0146_0203_0059_0059.jpg 1 146 203 59 59
0089_0150_0075_0100_0100.jpg 1 150 75 100 100
0090_0143_0281_0127_0127.jpg 1 143 281 127 127
0091_0172_0288_0095_0095.jpg 1 172 288 95 95
0092_0160_0107_0094_0094.jpg 1 160 107 94 94
0093_0309_0182_0126_0126.jpg 1 309 182 126 126
0094_0127_0050_0110_0110.jpg 1 127 50 110 110
0095_0084_0039_0117_0117.jpg 1 84 39 117 117
0096_0022_0034_0114_0114.jpg 1 22 34 114 114
0097_0216_0275_0132_0132.jpg 1 216 275 132 132
0098_0105_0240_0143_0143.jpg 1 105 240 143 143
0099_0183_0273_0080_0080.jpg 1 183 273 80 80
0100_0076_0072_0092_0092.jpg 1 76 72 92 92
0101_0069_0093_0108_0108.jpg 1 69 93 108 108
0102_0038_0124_0060_0060.jpg 1 38 124 60 60
0103_0080_0022_0065_0065.jpg 1 80 22 65 65
0104_0092_0174_0107_0107.jpg 1 92 174 107 107
0105_0207_0177_0146_0146.jpg 1 207 177 146 146
0106_0030_0094_0112_0112.jpg 1 30 94 112 112
0107_0163_0233_0123_0123.jpg 1 163 233 123 123
0108_0018_0129_0056_0056.jpg 1 18 129 56 56
0109_0109_0033_0126_0126.jpg 1 109 33 126 126
0110_0280_0292_0074_0074.jpg 1 280 292 74 74
0111_0457_0203_0051_0051.jpg 1 457 203 51 51
0112_0075_0101_0104_0104.jpg 1 75 101 104 104
0113_0312_0133_0085_0085.jpg 1 312 133 85 85
0114_0108_0097_0127_0127.jpg 1 108 97 127 127
0115_0138_0116_0084_0084.jpg 1 138 116 84 84
0116_0107_0031_0124_0124.jpg 1 107 31 124 124
0117_0112_0165_0055_0055.jpg 1 112 165 55 55
0118_0048_0083_0083_0083.jpg 1 48 83 83 83
0119_0009_0065_0119_0119.jpg 1 9 65 119 119
0120_0039_0056_0121_0121.jpg 1 39 56 121 121
0121_0117_0211_0106_0106.jpg 1 117 211 106 106
0122_0087_0229_0127_0127.jpg 1 87 229 127 127
0123_0355_0151_0121_0121.jpg 1 355 151 121 121
0124_0224_0068_0072_0072.jpg 1 224 68 72 72
0125_0067_0014_0101_0101.jpg 1 67 14 101 101
0126_0178_0439_0058_0058.jpg 1 178 439 58 58
0127_0179_0350_0081_0081.jpg 1 179 350 81 81
0128_0009_0088_0096_0096.jpg 1 9 88 96 96
