0001_0045_0025_0144_0144_22.jpg 1 45 25 144 144
0002_0043_0078_0096_0096_22.jpg 1 43 78 96 96
0003_0212_0073_0120_0120_22.jpg 1 212 73 120 120
0004_0057_0015_0136_0136_22.jpg 1 57 15 136 136
0005_0056_0068_0116_0116_22.jpg 1 56 68 116 116
0006_0130_0015_0109_0109_22.jpg 1 130 15 109 109
0007_0057_0057_0157_0157_22.jpg 1 57 57 157 157
0008_0393_0256_0069_0069_22.jpg 1 393 256 69 69
0009_0102_0034_0153_0153_22.jpg 1 102 34 153 153
0010_0354_0187_0147_0147_22.jpg 1 354 187 147 147
0011_0296_0380_0127_0127_22.jpg 1 296 380 127 127
0012_0032_0063_0129_0129_22.jpg 1 32 63 129 129
0013_0147_0089_0048_0048_22.jpg 1 147 89 48 48
0014_0175_0042_0068_0068_22.jpg 1 175 42 68 68
0015_0383_0083_0096_0096_22.jpg 1 383 83 96 96
0016_0123_0100_0067_0067_22.jpg 1 123 100 67 67
0017_0087_0013_0166_0166_22.jpg 1 87 13 166 166
0018_0048_0032_0140_0140_22.jpg 1 48 32 140 140
0019_0202_0086_0065_0065_22.jpg 1 202 86 65 65
0020_0247_0192_0164_0164_22.jpg 1 247 192 164 164
0021_0027_0069_0151_0151_22.jpg 1 27 69 151 151
0022_0317_0067_0071_0071_22.jpg 1 317 67 71 71
0023_0096_0171_0105_0105_22.jpg 1 96 171 105 105
0024_0189_0208_0161_0161_22.jpg 1 189 208 161 161
0025_0047_0066_0151_0151_22.jpg 1 47 66 151 151
0026_0044_0036_0153_0153_22.jpg 1 44 36 153 153
0027_0061_0039_0056_0056_22.jpg 1 61 39 56 56
0028_0001_0025_0155_0155_22.jpg 1 1 25 155 155
0029_0081_0073_0146_0146_22.jpg 1 81 73 146 146
0030_0125_0089_0118_0118_22.jpg 1 125 89 118 118
0031_0373_0125_0160_0160_22.jpg 1 373 125 160 160
0032_0211_0211_0135_0135_22.jpg 1 211 211 135 135
0033_0088_0003_0153_0153_22.jpg 1 88 3 153 153
0034_0148_0100_0114_0114_22.jpg 1 148 100 114 114
0035_0165_0103_0091_0091_22.jpg 1 165 103 91 91
0036_0223_0134_0154_0154_22.jpg 1 223 134 154 154
0037_0158_0124_0139_0139_22.jpg 1 158 124 139 139
0038_0288_0174_0151_0151_22.jpg 1 288 174 151 151
0039_0097_0055_0123_0123_22.jpg 1 97 55 123 123
0040_0079_0089_0061_0061_22.jpg 1 79 89 61 61
0041_0389_0109_0114_0114_22.jpg 1 389 109 114 114
0042_0035_0028_0130_0130_22.jpg 1 35 28 130 130
0043_0120_0057_0072_0072_22.jpg 1 120 57 72 72
0044_0253_0037_0134_0134_22.jpg 1 253 37 134 134
0045_0099_0208_0114_0114_22.jpg 1 99 208 114 114
0046_0037_0099_0101_0101_22.jpg 1 37 99 101 101
0047_0032_0046_0163_0163_22.jpg 1 32 46 163 163
0048_0173_0067_0065_0065_22.jpg 1 173 67 65 65
0049_0399_0333_0048_0048_22.jpg 1 399 333 48 48
0050_0344_0257_0124_0124_22.jpg 1 344 257 124 124
0051_0037_0100_0050_0050_22.jpg 1 37 100 50 50
0052_0271_0038_0086_0086_22.jpg 1 271 38 86 86
0053_0033_0038_0082_0082_22.jpg 1 33 38 82 82
0054_0163_0173_0111_0111_22.jpg 1 163 173 111 111
0055_0262_0076_0134_0134_22.jpg 1 262 76 134 134
0056_0224_0101_0089_0089_22.jpg 1 224 101 89 89
0057_0294_0137_0130_0130_22.jpg 1 294 137 130 130
0058_0083_0106_0061_0061_22.jpg 1 83 106 61 61
0059_0084_0123_0068_0068_22.jpg 1 84 123 68 68
0060_0147_0036_0104_0104_22.jpg 1 147 36 104 104
0061_0017_0036_0157_0157_22.jpg 1 17 36 157 157
0062_0011_0121_0053_0053_22.jpg 1 11 121 53 53
0063_0143_0047_0070_0070_22.jpg 1 143 47 70 70
0064_0206_0185_0106_0106_22.jpg 1 206 185 106 106
0065_0041_0094_0115_0115_22.jpg 1 41 94 115 115
0066_0091_0022_0142_0142_22.jpg 1 91 22 142 142
0067_0223_0058_0123_0123_22.jpg 1 223 58 123 123
0068_0119_0172_0056_0056_22.jpg 1 119 172 56 56
0069_0100_0102_0050_0050_22.jpg 1 100 102 50 50
0070_0181_0042_0064_0064_22.jpg 1 181 42 64 64
0071_0246_0262_0114_0114_22.jpg 1 246 262 114 114
0072_0355_0190_0160_0160_22.jpg 1 355 190 160 160
0073_0039_0071_0109_0109_22.jpg 1 39 71 109 109
0074_0040_0018_0144_0144_22.jpg 1 40 18 144 144
0075_0100_0030_0147_0147_22.jpg 1 100 30 147 147
0076_0147_0164_0165_0165_22.jpg 1 147 164 165 165
0077_0030_0053_0148_0148_22.jpg 1 30 53 148 148
0078_0169_0026_0095_0095_22.jpg 1 169 26 95 95
0079_0061_0233_0159_0159_22.jpg 1 61 233 159 159
0080_0099_0033_0078_0078_22.jpg 1 99 33 78 78
0081_0113_0313_0080_0080_22.jpg 1 113 313 80 80
0082_0031_0055_0156_0156_22.jpg 1 31 55 156 156
0083_0048_0047_0078_0078_22.jpg 1 48 47 78 78
0084_0360_0250_0156_0156_22.jpg 1 360 250 156 156
0085_0396_0060_0107_0107_22.jpg 1 396 60 107 107
0086_0047_0262_0123_0123_22.jpg 1 47 262 123 123
0087_0298_0158_0078_0078_22.jpg 1 298 158 78 78
0088_0146_0202_0061_0061_22.jpg 1 146 202 61 61
0089_0046_0043_0111_0111_22.jpg 1 46 43 111 111
0090_0071_0052_0145_0145_22.jpg 1 71 52 145 145
0091_0096_0063_0105_0105_22.jpg 1 96 63 105 105
0092_0089_0026_0105_0105_22.jpg 1 89 26 105 105
0093_0203_0093_0144_0144_22.jpg 1 203 93 144 144
0094_0216_0201_0124_0124_22.jpg 1 216 201 124 124
0095_0084_0045_0132_0132_22.jpg 1 84 45 132 132
0096_0125_0096_0129_0129_22.jpg 1 125 96 129 129
0097_0092_0048_0151_0151_22.jpg 1 92 48 151 151
0098_0023_0036_0164_0164_22.jpg 1 23 36 164 164
0099_0180_0268_0088_0088_22.jpg 1 180 268 88 88
0100_0073_0067_0101_0101_22.jpg 1 73 67 101 101
0101_0130_0366_0122_0122_22.jpg 1 130 366 122 122
0102_0106_0123_0062_0062_22.jpg 1 106 123 62 62
0103_0179_0055_0069_0069_22.jpg 1 179 55 69 69
0104_0049_0039_0120_0120_22.jpg 1 49 39 120 120
0105_0064_0030_0167_0167_22.jpg 1 64 30 167 167
0106_0246_0260_0126_0126_22.jpg 1 246 260 126 126
0107_0057_0065_0140_0140_22.jpg 1 57 65 140 140
0108_0110_0297_0058_0058_22.jpg 1 110 297 58 58
0109_0310_0099_0144_0144_22.jpg 1 310 99 144 144
0110_0119_0115_0080_0080_22.jpg 1 119 115 80 80
0111_0463_0206_0051_0051_22.jpg 1 463 206 51 51
0112_0132_0396_0117_0117_22.jpg 1 132 396 117 117
0113_0179_0035_0093_0093_22.jpg 1 179 35 93 93
0114_0104_0109_0145_0145_22.jpg 1 104 109 145 145
0115_0141_0283_0092_0092_22.jpg 1 141 283 92 92
0116_0098_0033_0141_0141_22.jpg 1 98 33 141 141
0117_0112_0188_0056_0056_22.jpg 1 112 188 56 56
0118_0115_0078_0091_0091_22.jpg 1 115 78 91 91
0119_0083_0123_0135_0135_22.jpg 1 83 123 135 135
0120_0018_0019_0138_0138_22.jpg 1 18 19 138 138
0121_0002_0047_0119_0119_22.jpg 1 2 47 119 119
0122_0084_0218_0145_0145_22.jpg 1 84 218 145 145
0123_0344_0169_0137_0137_22.jpg 1 344 169 137 137
0124_0222_0067_0078_0078_22.jpg 1 222 67 78 78
0125_0234_0038_0113_0113_22.jpg 1 234 38 113 113
0126_0281_0317_0060_0060_22.jpg 1 281 317 60 60
0127_0104_0078_0088_0088_22.jpg 1 104 78 88 88
0128_0666_0827_0107_0107_22.jpg 1 666 827 107 107
