0001_0045_0025_0144_0144_23.jpg 1 45 25 144 144
0002_0105_0208_0096_0096_23.jpg 1 105 208 96 96
0003_0209_0072_0120_0120_23.jpg 1 209 72 120 120
0004_0057_0011_0136_0136_23.jpg 1 57 11 136 136
0005_0145_0200_0116_0116_23.jpg 1 145 200 116 116
0006_0328_0043_0109_0109_23.jpg 1 328 43 109 109
0007_0170_0223_0157_0157_23.jpg 1 170 223 157 157
0008_0393_0256_0069_0069_23.jpg 1 393 256 69 69
0009_0299_0150_0153_0153_23.jpg 1 299 150 153 153
0010_0354_0187_0147_0147_23.jpg 1 354 187 147 147
0011_0065_0066_0127_0127_23.jpg 1 65 66 127 127
0012_0141_0199_0129_0129_23.jpg 1 141 199 129 129
0013_0321_0208_0048_0048_23.jpg 1 321 208 48 48
0014_0025_0028_0068_0068_23.jpg 1 25 28 68 68
0015_0383_0072_0096_0096_23.jpg 1 383 72 96 96
0016_0280_0240_0067_0067_23.jpg 1 280 240 67 67
0017_0042_0013_0166_0166_23.jpg 1 42 13 166 166
0018_0134_0164_0140_0140_23.jpg 1 134 164 140 140
0019_0115_0110_0065_0065_23.jpg 1 115 110 65 65
0020_0111_0030_0164_0164_23.jpg 1 111 30 164 164
0021_0100_0258_0151_0151_23.jpg 1 100 258 151 151
0022_0317_0067_0071_0071_23.jpg 1 317 67 71 71
0023_0034_0043_0105_0105_23.jpg 1 34 43 105 105
0024_0189_0250_0161_0161_23.jpg 1 189 250 161 161
0025_0136_0247_0151_0151_23.jpg 1 136 247 151 151
0026_0098_0204_0153_0153_23.jpg 1 98 204 153 153
0027_0038_0025_0056_0056_23.jpg 1 38 25 56 56
0028_0189_0096_0155_0155_23.jpg 1 189 96 155 155
0029_0026_0073_0146_0146_23.jpg 1 26 73 146 146
0030_0044_0022_0118_0118_23.jpg 1 44 22 118 118
0031_0124_0020_0160_0160_23.jpg 1 124 20 160 160
0032_0208_0208_0135_0135_23.jpg 1 208 208 135 135
0033_0173_0057_0153_0153_23.jpg 1 173 57 153 153
0034_0051_0100_0114_0114_23.jpg 1 51 100 114 114
0035_0067_0103_0091_0091_23.jpg 1 67 103 91 91
0036_0074_0035_0154_0154_23.jpg 1 74 35 154 154
0037_0155_0122_0139_0139_23.jpg 1 155 122 139 139
0038_0288_0174_0151_0151_23.jpg 1 288 174 151 151
0039_0097_0038_0123_0123_23.jpg 1 97 38 123 123
0040_0035_0030_0061_0061_23.jpg 1 35 30 61 61
0041_0036_0037_0114_0114_23.jpg 1 36 37 114 114
0042_0035_0014_0130_0130_23.jpg 1 35 14 130 130
0043_0120_0057_0072_0072_23.jpg 1 120 57 72 72
0044_0249_0036_0134_0134_23.jpg 1 249 36 134 134
0045_0099_0208_0114_0114_23.jpg 1 99 208 114 114
0046_0091_0273_0101_0101_23.jpg 1 91 273 101 101
0047_0203_0189_0163_0163_23.jpg 1 203 189 163 163
0048_0281_0221_0065_0065_23.jpg 1 281 221 65 65
0049_0179_0148_0048_0048_23.jpg 1 179 148 48 48
0050_0344_0218_0124_0124_23.jpg 1 344 218 124 124
0051_0081_0198_0050_0050_23.jpg 1 81 198 50 50
0052_0158_0022_0086_0086_23.jpg 1 158 22 86 86
0053_0055_0163_0082_0082_23.jpg 1 55 163 82 82
0054_0163_0173_0111_0111_23.jpg 1 163 173 111 111
0055_0140_0015_0134_0134_23.jpg 1 140 15 134 134
0056_0084_0038_0089_0089_23.jpg 1 84 38 89 89
0057_0109_0032_0130_0130_23.jpg 1 109 32 130 130
0058_0037_0106_0061_0061_23.jpg 1 37 106 61 61
0059_0209_0295_0068_0068_23.jpg 1 209 295 68 68
0060_0365_0101_0104_0104_23.jpg 1 365 101 104 104
0061_0360_0141_0157_0157_23.jpg 1 360 141 157 157
0062_0058_0276_0053_0053_23.jpg 1 58 276 53 53
0063_0143_0038_0070_0070_23.jpg 1 143 38 70 70
0064_0042_0066_0106_0106_23.jpg 1 42 66 106 106
0065_0198_0275_0115_0115_23.jpg 1 198 275 115 115
0066_0392_0078_0142_0142_23.jpg 1 392 78 142 142
0067_0220_0068_0123_0123_23.jpg 1 220 68 123 123
0068_0037_0074_0056_0056_23.jpg 1 37 74 56 56
0069_0078_0105_0050_0050_23.jpg 1 78 105 50 50
0070_0409_0175_0064_0064_23.jpg 1 409 175 64 64
0071_0246_0223_0114_0114_23.jpg 1 246 223 114 114
0072_0355_0228_0160_0160_23.jpg 1 355 228 160 160
0073_0147_0201_0109_0109_23.jpg 1 147 201 109 109
0074_0211_0066_0144_0144_23.jpg 1 211 66 144 144
0075_0285_0091_0147_0147_23.jpg 1 285 91 147 147
0076_0048_0034_0165_0165_23.jpg 1 48 34 165 165
0077_0059_0285_0148_0148_23.jpg 1 59 285 148 148
0078_0410_0059_0095_0095_23.jpg 1 410 59 95 95
0079_0020_0055_0159_0159_23.jpg 1 20 55 159 159
0080_0435_0084_0078_0078_23.jpg 1 435 84 78 78
0081_0048_0125_0080_0080_23.jpg 1 48 125 80 80
0082_0146_0212_0156_0156_23.jpg 1 146 212 156 156
0083_0080_0173_0078_0078_23.jpg 1 80 173 78 78
0084_0360_0250_0156_0156_23.jpg 1 360 250 156 156
0085_0396_0060_0107_0107_23.jpg 1 396 60 107 107
0086_0067_0178_0123_0123_23.jpg 1 67 178 123 123
0087_0412_0246_0078_0078_23.jpg 1 412 246 78 78
0088_0146_0202_0061_0061_23.jpg 1 146 202 61 61
0089_0054_0069_0111_0111_23.jpg 1 54 69 111 111
0090_0201_0183_0145_0145_23.jpg 1 201 183 145 145
0091_0167_0283_0105_0105_23.jpg 1 167 283 105 105
0092_0155_0105_0105_0105_23.jpg 1 155 105 105 105
0093_0202_0255_0144_0144_23.jpg 1 202 255 144 144
0094_0107_0045_0124_0124_23.jpg 1 107 45 124 124
0095_0084_0035_0132_0132_23.jpg 1 84 35 132 132
0096_0047_0030_0129_0129_23.jpg 1 47 30 129 129
0097_0205_0264_0151_0151_23.jpg 1 205 264 151 151
0098_0099_0230_0164_0164_23.jpg 1 99 230 164 164
0099_0180_0268_0088_0088_23.jpg 1 180 268 88 88
0100_0073_0067_0101_0101_23.jpg 1 73 67 101 101
0101_0043_0083_0122_0122_23.jpg 1 43 83 122 122
0102_0106_0123_0062_0062_23.jpg 1 106 123 62 62
0103_0078_0021_0069_0069_23.jpg 1 78 21 69 69
0104_0128_0117_0120_0120_23.jpg 1 128 117 120 120
0105_0198_0166_0167_0167_23.jpg 1 198 166 167 167
0106_0074_0083_0126_0126_23.jpg 1 74 83 126 126
0107_0158_0222_0140_0140_23.jpg 1 158 222 140 140
0108_0016_0128_0058_0058_23.jpg 1 16 128 58 58
0109_0060_0028_0144_0144_23.jpg 1 60 28 144 144
0110_0277_0287_0080_0080_23.jpg 1 277 287 80 80
0111_0457_0203_0051_0051_23.jpg 1 457 203 51 51
0112_0072_0085_0117_0117_23.jpg 1 72 85 117 117
0113_0432_0092_0093_0093_23.jpg 1 432 92 93 93
0114_0104_0091_0145_0145_23.jpg 1 104 91 145 145
0115_0133_0101_0092_0092_23.jpg 1 133 101 92 92
0116_0021_0033_0141_0141_23.jpg 1 21 33 141 141
0117_0112_0164_0056_0056_23.jpg 1 112 164 56 56
0118_0115_0064_0091_0091_23.jpg 1 115 64 91 91
0119_0038_0056_0135_0135_23.jpg 1 38 56 135 135
0120_0036_0048_0138_0138_23.jpg 1 36 48 138 138
0121_0113_0206_0119_0119_23.jpg 1 113 206 119 119
0122_0084_0218_0145_0145_23.jpg 1 84 218 145 145
0123_0344_0143_0137_0137_23.jpg 1 344 143 137 137
0124_0222_0067_0078_0078_23.jpg 1 222 67 78 78
0125_0092_0010_0113_0113_23.jpg 1 92 10 113 113
0126_0177_0438_0060_0060_23.jpg 1 177 438 60 60
0127_0176_0346_0088_0088_23.jpg 1 176 346 88 88
0128_0014_0081_0107_0107_23.jpg 1 14 81 107 107
