0001_0045_0025_0144_0144_24.jpg 1 45 25 144 144
0002_0043_0078_0096_0096_24.jpg 1 43 78 96 96
0003_0080_0028_0120_0120_24.jpg 1 80 28 120 120
0004_0057_0015_0136_0136_24.jpg 1 57 15 136 136
0005_0056_0068_0116_0116_24.jpg 1 56 68 116 116
0006_0130_0015_0109_0109_24.jpg 1 130 15 109 109
0007_0057_0012_0157_0157_24.jpg 1 57 12 157 157
0008_0393_0256_0069_0069_24.jpg 1 393 256 69 69
0009_0102_0024_0153_0153_24.jpg 1 102 24 153 153
0010_0354_0187_0147_0147_24.jpg 1 354 187 147 147
0011_0115_0115_0127_0127_24.jpg 1 115 115 127 127
0012_0027_0063_0129_0129_24.jpg 1 27 63 129 129
0013_0147_0079_0048_0048_24.jpg 1 147 79 48 48
0014_0244_0067_0068_0068_24.jpg 1 244 67 68 68
0015_0157_0031_0096_0096_24.jpg 1 157 31 96 96
0016_0202_0333_0067_0067_24.jpg 1 202 333 67 67
0017_0269_0056_0166_0166_24.jpg 1 269 56 166 166
0018_0134_0164_0140_0140_24.jpg 1 134 164 140 140
0019_0196_0169_0065_0065_24.jpg 1 196 169 65 65
0020_0247_0192_0164_0164_24.jpg 1 247 192 164 164
0021_0011_0069_0151_0151_24.jpg 1 11 69 151 151
0022_0227_0093_0071_0071_24.jpg 1 227 93 71 71
0023_0138_0119_0105_0105_24.jpg 1 138 119 105 105
0024_0032_0062_0161_0161_24.jpg 1 32 62 161 161
0025_0136_0247_0151_0151_24.jpg 1 136 247 151 151
0026_0050_0015_0153_0153_24.jpg 1 50 15 153 153
0027_0058_0035_0056_0056_24.jpg 1 58 35 56 56
0028_0021_0025_0155_0155_24.jpg 1 21 25 155 155
0029_0235_0224_0146_0146_24.jpg 1 235 224 146 146
0030_0047_0032_0118_0118_24.jpg 1 47 32 118 118
0031_0373_0125_0160_0160_24.jpg 1 373 125 160 160
0032_0076_0063_0135_0135_24.jpg 1 76 63 135 135
0033_0046_0010_0153_0153_24.jpg 1 46 10 153 153
0034_0148_0100_0114_0114_24.jpg 1 148 100 114 114
0035_0165_0103_0091_0091_24.jpg 1 165 103 91 91
0036_0076_0035_0154_0154_24.jpg 1 76 35 154 154
0037_0056_0036_0139_0139_24.jpg 1 56 36 139 139
0038_0071_0047_0151_0151_24.jpg 1 71 47 151 151
0039_0097_0055_0123_0123_24.jpg 1 97 55 123 123
0040_0079_0089_0061_0061_24.jpg 1 79 89 61 61
0041_0270_0156_0114_0114_24.jpg 1 270 156 114 114
0042_0096_0069_0130_0130_24.jpg 1 96 69 130 130
0043_0035_0023_0072_0072_24.jpg 1 35 23 72 72
0044_0091_0013_0134_0134_24.jpg 1 91 13 134 134
0045_0038_0071_0114_0114_24.jpg 1 38 71 114 114
0046_0037_0096_0101_0101_24.jpg 1 37 96 101 101
0047_0067_0023_0163_0163_24.jpg 1 67 23 163 163
0048_0173_0055_0065_0065_24.jpg 1 173 55 65 65
0049_0399_0333_0048_0048_24.jpg 1 399 333 48 48
0050_0130_0083_0124_0124_24.jpg 1 130 83 124 124
0051_0037_0100_0050_0050_24.jpg 1 37 100 50 50
0052_0277_0040_0086_0086_24.jpg 1 277 40 86 86
0053_0033_0046_0082_0082_24.jpg 1 33 46 82 82
0054_0163_0173_0111_0111_24.jpg 1 163 173 111 111
0055_0268_0062_0134_0134_24.jpg 1 268 62 134 134
0056_0224_0101_0089_0089_24.jpg 1 224 101 89 89
0057_0294_0137_0130_0130_24.jpg 1 294 137 130 130
0058_0083_0106_0061_0061_24.jpg 1 83 106 61 61
0059_0050_0123_0068_0068_24.jpg 1 50 123 68 68
0060_0147_0036_0104_0104_24.jpg 1 147 36 104 104
0061_0121_0027_0157_0157_24.jpg 1 121 27 157 157
0062_0021_0121_0053_0053_24.jpg 1 21 121 53 53
0063_0143_0047_0070_0070_24.jpg 1 143 47 70 70
0064_0206_0185_0106_0106_24.jpg 1 206 185 106 106
0065_0066_0094_0115_0115_24.jpg 1 66 94 115 115
0066_0140_0022_0142_0142_24.jpg 1 140 22 142 142
0067_0083_0022_0123_0123_24.jpg 1 83 22 123 123
0068_0119_0172_0056_0056_24.jpg 1 119 172 56 56
0069_0073_0117_0050_0050_24.jpg 1 73 117 50 50
0070_0132_0074_0064_0064_24.jpg 1 132 74 64 64
0071_0246_0262_0114_0114_24.jpg 1 246 262 114 114
0072_0196_0343_0160_0160_24.jpg 1 196 343 160 160
0073_0044_0071_0109_0109_24.jpg 1 44 71 109 109
0074_0058_0018_0144_0144_24.jpg 1 58 18 144 144
0075_0100_0030_0147_0147_24.jpg 1 100 30 147 147
0076_0097_0247_0165_0165_24.jpg 1 97 247 165 165
0077_0089_0196_0148_0148_24.jpg 1 89 196 148 148
0078_0169_0026_0095_0095_24.jpg 1 169 26 95 95
0079_0061_0233_0159_0159_24.jpg 1 61 233 159 159
0080_0072_0033_0078_0078_24.jpg 1 72 33 78 78
0081_0113_0313_0080_0080_24.jpg 1 113 313 80 80
0082_0029_0055_0156_0156_24.jpg 1 29 55 156 156
0083_0048_0048_0078_0078_24.jpg 1 48 48 78 78
0084_0360_0250_0156_0156_24.jpg 1 360 250 156 156
0085_0158_0021_0107_0107_24.jpg 1 158 21 107 107
0086_0025_0058_0123_0123_24.jpg 1 25 58 123 123
0087_0295_0344_0078_0078_24.jpg 1 295 344 78 78
0088_0065_0086_0061_0061_24.jpg 1 65 86 61 61
0089_0304_0132_0111_0111_24.jpg 1 304 132 111 111
0090_0204_0187_0145_0145_24.jpg 1 204 187 145 145
0091_0084_0071_0105_0105_24.jpg 1 84 71 105 105
0092_0225_0074_0105_0105_24.jpg 1 225 74 105 105
0093_0205_0098_0144_0144_24.jpg 1 205 98 144 144
0094_0216_0201_0124_0124_24.jpg 1 216 201 124 124
0095_0399_0113_0132_0132_24.jpg 1 399 113 132 132
0096_0030_0032_0129_0129_24.jpg 1 30 32 129 129
0097_0081_0048_0151_0151_24.jpg 1 81 48 151 151
0098_0035_0036_0164_0164_24.jpg 1 35 36 164 164
0099_0075_0097_0088_0088_24.jpg 1 75 97 88 88
0100_0110_0267_0101_0101_24.jpg 1 110 267 101 101
0101_0191_0219_0122_0122_24.jpg 1 191 219 122 122
0102_0106_0123_0062_0062_24.jpg 1 106 123 62 62
0103_0113_0077_0069_0069_24.jpg 1 113 77 69 69
0104_0128_0117_0120_0120_24.jpg 1 128 117 120 120
0105_0038_0038_0167_0167_24.jpg 1 38 38 167 167
0106_0246_0260_0126_0126_24.jpg 1 246 260 126 126
0107_0160_0226_0140_0140_24.jpg 1 160 226 140 140
0108_0110_0297_0058_0058_24.jpg 1 110 297 58 58
0109_0310_0099_0144_0144_24.jpg 1 310 99 144 144
0110_0119_0115_0080_0080_24.jpg 1 119 115 80 80
0111_0337_0283_0051_0051_24.jpg 1 337 283 51 51
0112_0036_0148_0117_0117_24.jpg 1 36 148 117 117
0113_0069_0035_0093_0093_24.jpg 1 69 35 93 93
0114_0106_0093_0145_0145_24.jpg 1 106 93 145 145
0115_0070_0033_0092_0092_24.jpg 1 70 33 92 92
0116_0278_0098_0141_0141_24.jpg 1 278 98 141 141
0117_0050_0081_0056_0056_24.jpg 1 50 81 56 56
0118_0115_0078_0091_0091_24.jpg 1 115 78 91 91
0119_0074_0130_0135_0135_24.jpg 1 74 130 135 135
0120_0022_0050_0138_0138_24.jpg 1 22 50 138 138
0121_0063_0047_0119_0119_24.jpg 1 63 47 119 119
0122_0084_0218_0145_0145_24.jpg 1 84 218 145 145
0123_0125_0051_0137_0137_24.jpg 1 125 51 137 137
0124_0222_0067_0078_0078_24.jpg 1 222 67 78 78
0125_0147_0014_0113_0113_24.jpg 1 147 14 113 113
0126_0126_0135_0060_0060_24.jpg 1 126 135 60 60
0127_0020_0095_0088_0088_24.jpg 1 20 95 88 88
0128_0057_0081_0107_0107_24.jpg 1 57 81 107 107
