0001_0045_0025_0142_0142_25.jpg 1 45 25 142 142
0002_0105_0209_0095_0095_25.jpg 1 105 209 95 95
0003_0210_0072_0119_0119_25.jpg 1 210 72 119 119
0004_0057_0011_0135_0135_25.jpg 1 57 11 135 135
0005_0146_0201_0114_0114_25.jpg 1 146 201 114 114
0006_0329_0043_0108_0108_25.jpg 1 329 43 108 108
0007_0171_0224_0155_0155_25.jpg 1 171 224 155 155
0008_0393_0256_0069_0069_25.jpg 1 393 256 69 69
0009_0299_0151_0152_0152_25.jpg 1 299 151 152 152
0010_0355_0188_0145_0145_25.jpg 1 355 188 145 145
0011_0019_0066_0126_0126_25.jpg 1 19 66 126 126
0012_0097_0291_0127_0127_25.jpg 1 97 291 127 127
0013_0321_0208_0048_0048_25.jpg 1 321 208 48 48
0014_0067_0028_0068_0068_25.jpg 1 67 28 68 68
0015_0384_0072_0095_0095_25.jpg 1 384 72 95 95
0016_0280_0240_0067_0067_25.jpg 1 280 240 67 67
0017_0088_0010_0164_0164_25.jpg 1 88 10 164 164
0018_0135_0165_0138_0138_25.jpg 1 135 165 138 138
0019_0044_0111_0064_0064_25.jpg 1 44 111 64 64
0020_0123_0031_0162_0162_25.jpg 1 123 31 162 162
0021_0100_0259_0150_0150_25.jpg 1 100 259 150 150
0022_0317_0067_0071_0071_25.jpg 1 317 67 71 71
0023_0048_0043_0104_0104_25.jpg 1 48 43 104 104
0024_0190_0252_0159_0159_25.jpg 1 190 252 159 159
0025_0136_0248_0150_0150_25.jpg 1 136 248 150 150
0026_0146_0137_0152_0152_25.jpg 1 146 137 152 152
0027_0030_0026_0055_0055_25.jpg 1 30 26 55 55
0028_0190_0097_0153_0153_25.jpg 1 190 97 153 153
0029_0028_0075_0144_0144_25.jpg 1 28 75 144 144
0030_0073_0012_0117_0117_25.jpg 1 73 12 117 117
0031_0126_0032_0158_0158_25.jpg 1 126 32 158 158
0032_0142_0305_0134_0134_25.jpg 1 142 305 134 134
0033_0175_0057_0151_0151_25.jpg 1 175 57 151 151
0034_0091_0100_0113_0113_25.jpg 1 91 100 113 113
0035_0108_0104_0090_0090_25.jpg 1 108 104 90 90
0036_0077_0036_0152_0152_25.jpg 1 77 36 152 152
0037_0155_0123_0138_0138_25.jpg 1 155 123 138 138
0038_0289_0174_0150_0150_25.jpg 1 289 174 150 150
0039_0097_0055_0122_0122_25.jpg 1 97 55 122 122
0040_0017_0038_0061_0061_25.jpg 1 17 38 61 61
0041_0153_0029_0113_0113_25.jpg 1 153 29 113 113
0042_0036_0010_0128_0128_25.jpg 1 36 10 128 128
0043_0120_0057_0072_0072_25.jpg 1 120 57 72 72
0044_0250_0037_0132_0132_25.jpg 1 250 37 132 132
0045_0099_0209_0113_0113_25.jpg 1 99 209 113 113
0046_0091_0274_0100_0100_25.jpg 1 91 274 100 100
0047_0204_0191_0161_0161_25.jpg 1 204 191 161 161
0048_0390_0160_0064_0064_25.jpg 1 390 160 64 64
0049_0183_0110_0048_0048_25.jpg 1 183 110 48 48
0050_0345_0218_0123_0123_25.jpg 1 345 218 123 123
0051_0081_0198_0050_0050_25.jpg 1 81 198 50 50
0052_0150_0022_0085_0085_25.jpg 1 150 22 85 85
0053_0078_0117_0081_0081_25.jpg 1 78 117 81 81
0054_0163_0173_0110_0110_25.jpg 1 163 173 110 110
0055_0124_0034_0133_0133_25.jpg 1 124 34 133 133
0056_0061_0038_0088_0088_25.jpg 1 61 38 88 88
0057_0110_0025_0128_0128_25.jpg 1 110 25 128 128
0058_0084_0077_0060_0060_25.jpg 1 84 77 60 60
0059_0209_0295_0067_0067_25.jpg 1 209 295 67 67
0060_0366_0101_0103_0103_25.jpg 1 366 101 103 103
0061_0361_0142_0155_0155_25.jpg 1 361 142 155 155
0062_0058_0276_0053_0053_25.jpg 1 58 276 53 53
0063_0097_0047_0070_0070_25.jpg 1 97 47 70 70
0064_0083_0067_0105_0105_25.jpg 1 83 67 105 105
0065_0199_0276_0113_0113_25.jpg 1 199 276 113 113
0066_0392_0078_0141_0141_25.jpg 1 392 78 141 141
0067_0220_0068_0121_0121_25.jpg 1 220 68 121 121
0068_0037_0074_0056_0056_25.jpg 1 37 74 56 56
0069_0050_0122_0050_0050_25.jpg 1 50 122 50 50
0070_0409_0175_0064_0064_25.jpg 1 409 175 64 64
0071_0247_0224_0113_0113_25.jpg 1 247 224 113 113
0072_0356_0230_0158_0158_25.jpg 1 356 230 158 158
0073_0147_0202_0108_0108_25.jpg 1 147 202 108 108
0074_0212_0066_0143_0143_25.jpg 1 212 66 143 143
0075_0162_0162_0145_0145_25.jpg 1 162 162 145 145
0076_0048_0035_0163_0163_25.jpg 1 48 35 163 163
0077_0059_0285_0147_0147_25.jpg 1 59 285 147 147
0078_0411_0059_0094_0094_25.jpg 1 411 59 94 94
0079_0021_0045_0157_0157_25.jpg 1 21 45 157 157
0080_0435_0084_0078_0078_25.jpg 1 435 84 78 78
0081_0048_0126_0079_0079_25.jpg 1 48 126 79 79
0082_0146_0214_0154_0154_25.jpg 1 146 214 154 154
0083_0112_0124_0078_0078_25.jpg 1 112 124 78 78
0084_0362_0252_0154_0154_25.jpg 1 362 252 154 154
0085_0397_0060_0106_0106_25.jpg 1 397 60 106 106
0086_0067_0178_0122_0122_25.jpg 1 67 178 122 122
0087_0413_0247_0077_0077_25.jpg 1 413 247 77 77
0088_0146_0202_0061_0061_25.jpg 1 146 202 61 61
0089_0143_0069_0110_0110_25.jpg 1 143 69 110 110
0090_0202_0184_0143_0143_25.jpg 1 202 184 143 143
0091_0240_0199_0104_0104_25.jpg 1 240 199 104 104
0092_0155_0105_0104_0104_25.jpg 1 155 105 104 104
0093_0299_0174_0142_0142_25.jpg 1 299 174 142 142
0094_0049_0045_0123_0123_25.jpg 1 49 45 123 123
0095_0148_0026_0131_0131_25.jpg 1 148 26 131 131
0096_0126_0097_0127_0127_25.jpg 1 126 97 127 127
0097_0206_0265_0149_0149_25.jpg 1 206 265 149 149
0098_0150_0154_0162_0162_25.jpg 1 150 154 162 162
0099_0180_0268_0087_0087_25.jpg 1 180 268 87 87
0100_0026_0068_0100_0100_25.jpg 1 26 68 100 100
0101_0072_0084_0120_0120_25.jpg 1 72 84 120 120
0102_0106_0123_0062_0062_25.jpg 1 106 123 62 62
0103_0037_0023_0068_0068_25.jpg 1 37 23 68 68
0104_0128_0117_0119_0119_25.jpg 1 128 117 119 119
0105_0199_0167_0165_0165_25.jpg 1 199 167 165 165
0106_0041_0084_0125_0125_25.jpg 1 41 84 125 125
0107_0158_0223_0138_0138_25.jpg 1 158 223 138 138
0108_0049_0128_0058_0058_25.jpg 1 49 128 58 58
0109_0111_0029_0142_0142_25.jpg 1 111 29 142 142
0110_0278_0288_0079_0079_25.jpg 1 278 288 79 79
0111_0333_0279_0051_0051_25.jpg 1 333 279 51 51
0112_0036_0092_0116_0116_25.jpg 1 36 92 116 116
0113_0433_0093_0092_0092_25.jpg 1 433 93 92 92
0114_0105_0092_0143_0143_25.jpg 1 105 92 143 143
0115_0050_0111_0091_0091_25.jpg 1 50 111 91 91
0116_0055_0034_0139_0139_25.jpg 1 55 34 139 139
0117_0112_0164_0056_0056_25.jpg 1 112 164 56 56
0118_0115_0078_0091_0091_25.jpg 1 115 78 91 91
0119_0027_0058_0133_0133_25.jpg 1 27 58 133 133
0120_0036_0049_0136_0136_25.jpg 1 36 49 136 136
0121_0164_0143_0118_0118_25.jpg 1 164 143 118 118
0122_0084_0219_0143_0143_25.jpg 1 84 219 143 143
0123_0346_0144_0135_0135_25.jpg 1 346 144 135 135
0124_0222_0067_0077_0077_25.jpg 1 222 67 77 77
0125_0093_0011_0111_0111_25.jpg 1 93 11 111 111
0126_0177_0438_0060_0060_25.jpg 1 177 438 60 60
0127_0248_0246_0088_0088_25.jpg 1 248 246 88 88
0128_0057_0045_0106_0106_25.jpg 1 57 45 106 106
