0001_0045_0025_0144_0144.jpg 1 45 25 144 144
0002_0043_0078_0096_0096.jpg 1 43 78 96 96
0003_0212_0086_0120_0120.jpg 1 212 86 120 120
0004_0057_0015_0136_0136.jpg 1 57 15 136 136
0005_0148_0203_0116_0116.jpg 1 148 203 116 116
0006_0328_0043_0109_0109.jpg 1 328 43 109 109
0007_0017_0057_0157_0157.jpg 1 17 57 157 157
0008_0393_0256_0069_0069.jpg 1 393 256 69 69
0009_0102_0040_0153_0153.jpg 1 102 40 153 153
0010_0354_0187_0147_0147.jpg 1 354 187 147 147
0011_0105_0095_0127_0127.jpg 1 105 95 127 127
0012_0052_0063_0129_0129.jpg 1 52 63 129 129
0013_0066_0092_0048_0048.jpg 1 66 92 48 48
0014_0019_0007_0068_0068.jpg 1 19 7 68 68
0015_0383_0083_0096_0096.jpg 1 383 83 96 96
0016_0123_0061_0067_0067.jpg 1 123 61 67 67
0017_0087_0013_0166_0166.jpg 1 87 13 166 166
0018_0043_0048_0140_0140.jpg 1 43 48 140 140
0019_0195_0186_0065_0065.jpg 1 195 186 65 65
0020_0247_0192_0164_0164.jpg 1 247 192 164 164
0021_0034_0069_0151_0151.jpg 1 34 69 151 151
0022_0317_0067_0071_0071.jpg 1 317 67 71 71
0023_0138_0119_0105_0105.jpg 1 138 119 105 105
0024_0189_0208_0161_0161.jpg 1 189 208 161 161
0025_0047_0066_0151_0151.jpg 1 47 66 151 151
0026_0050_0029_0153_0153.jpg 1 50 29 153 153
0027_0041_0036_0056_0056.jpg 1 41 36 56 56
0028_0064_0019_0155_0155.jpg 1 64 19 155 155
0029_0081_0073_0146_0146.jpg 1 81 73 146 146
0030_0189_0066_0118_0118.jpg 1 189 66 118 118
0031_0373_0125_0160_0160.jpg 1 373 125 160 160
0032_0076_0063_0135_0135.jpg 1 76 63 135 135
0033_0088_0002_0153_0153.jpg 1 88 2 153 153
0034_0148_0100_0114_0114.jpg 1 148 100 114 114
0035_0165_0103_0091_0091.jpg 1 165 103 91 91
0036_0223_0134_0154_0154.jpg 1 223 134 154 154
0037_0155_0122_0139_0139.jpg 1 155 122 139 139
0038_0022_0047_0151_0151.jpg 1 22 47 151 151
0039_0097_0055_0123_0123.jpg 1 97 55 123 123
0040_0079_0089_0061_0061.jpg 1 79 89 61 61
0041_0389_0109_0114_0114.jpg 1 389 109 114 114
0042_0058_0043_0130_0130.jpg 1 58 43 130 130
0043_0120_0057_0072_0072.jpg 1 120 57 72 72
0044_0091_0013_0134_0134.jpg 1 91 13 134 134
0045_0038_0071_0114_0114.jpg 1 38 71 114 114
0046_0033_0100_0101_0101.jpg 1 33 100 101 101
0047_0135_0285_0163_0163.jpg 1 135 285 163 163
0048_0162_0067_0065_0065.jpg 1 162 67 65 65
0049_0399_0333_0048_0048.jpg 1 399 333 48 48
0050_0344_0257_0124_0124.jpg 1 344 257 124 124
0051_0082_0201_0050_0050.jpg 1 82 201 50 50
0052_0096_0012_0086_0086.jpg 1 96 12 86 86
0053_0013_0046_0082_0082.jpg 1 13 46 82 82
0054_0163_0173_0111_0111.jpg 1 163 173 111 111
0055_0092_0011_0134_0134.jpg 1 92 11 134 134
0056_0224_0101_0089_0089.jpg 1 224 101 89 89
0057_0294_0137_0130_0130.jpg 1 294 137 130 130
0058_0190_0219_0061_0061.jpg 1 190 219 61 61
0059_0092_0108_0068_0068.jpg 1 92 108 68 68
0060_0147_0036_0104_0104.jpg 1 147 36 104 104
0061_0000_0036_0157_0157.jpg 1 0 36 157 157
0062_0026_0121_0053_0053.jpg 1 26 121 53 53
0063_0332_0100_0070_0070.jpg 1 332 100 70 70
0064_0206_0185_0106_0106.jpg 1 206 185 106 106
0065_0077_0079_0115_0115.jpg 1 77 79 115 115
0066_0266_0115_0142_0142.jpg 1 266 115 142 142
0067_0154_0100_0123_0123.jpg 1 154 100 123 123
0068_0119_0172_0056_0056.jpg 1 119 172 56 56
0069_0214_0347_0050_0050.jpg 1 214 347 50 50
0070_0181_0068_0064_0064.jpg 1 181 68 64 64
0071_0246_0262_0114_0114.jpg 1 246 262 114 114
0072_0355_0190_0160_0160.jpg 1 355 190 160 160
0073_0058_0055_0109_0109.jpg 1 58 55 109 109
0074_0075_0009_0144_0144.jpg 1 75 9 144 144
0075_0285_0109_0147_0147.jpg 1 285 109 147 147
0076_0147_0164_0165_0165.jpg 1 147 164 165 165
0077_0064_0136_0148_0148.jpg 1 64 136 148 148
0078_0416_0060_0095_0095.jpg 1 416 60 95 95
0079_0061_0233_0159_0159.jpg 1 61 233 159 159
0080_0125_0033_0078_0078.jpg 1 125 33 78 78
0081_0113_0313_0080_0080.jpg 1 113 313 80 80
0082_0049_0055_0156_0156.jpg 1 49 55 156 156
0083_0048_0049_0078_0078.jpg 1 48 49 78 78
0084_0360_0250_0156_0156.jpg 1 360 250 156 156
0085_0158_0021_0107_0107.jpg 1 158 21 107 107
0086_0025_0058_0123_0123.jpg 1 25 58 123 123
0087_0412_0246_0078_0078.jpg 1 412 246 78 78
0088_0065_0086_0061_0061.jpg 1 65 86 61 61
0089_0227_0074_0111_0111.jpg 1 227 74 111 111
0090_0138_0276_0145_0145.jpg 1 138 276 145 145
0091_0096_0066_0105_0105.jpg 1 96 66 105 105
0092_0157_0106_0105_0105.jpg 1 157 106 105 105
0093_0298_0173_0144_0144.jpg 1 298 173 144 144
0094_0313_0139_0124_0124.jpg 1 313 139 124 124
0095_0273_0165_0132_0132.jpg 1 273 165 132 132
0096_0086_0053_0129_0129.jpg 1 86 53 129 129
0097_0045_0048_0151_0151.jpg 1 45 48 151 151
0098_0023_0036_0164_0164.jpg 1 23 36 164 164
0099_0075_0085_0088_0088.jpg 1 75 85 88 88
0100_0073_0067_0101_0101.jpg 1 73 67 101 101
0101_0188_0253_0122_0122.jpg 1 188 253 122 122
0102_0106_0123_0062_0062.jpg 1 106 123 62 62
0103_0128_0076_0069_0069.jpg 1 128 76 69 69
0104_0049_0030_0120_0120.jpg 1 49 30 120 120
0105_0036_0038_0167_0167.jpg 1 36 38 167 167
0106_0246_0260_0126_0126.jpg 1 246 260 126 126
0107_0057_0065_0140_0140.jpg 1 57 65 140 140
0108_0170_0384_0058_0058.jpg 1 170 384 58 58
0109_0310_0099_0144_0144.jpg 1 310 99 144 144
0110_0119_0115_0080_0080.jpg 1 119 115 80 80
0111_0208_0089_0051_0051.jpg 1 208 89 51 51
0112_0026_0070_0117_0117.jpg 1 26 70 117 117
0113_0060_0035_0093_0093.jpg 1 60 35 93 93
0114_0036_0030_0145_0145.jpg 1 36 30 145 145
0115_0526_0490_0092_0092.jpg 1 526 490 92 92
0116_0278_0098_0141_0141.jpg 1 278 98 141 141
0117_0112_0188_0056_0056.jpg 1 112 188 56 56
0118_0115_0078_0091_0091.jpg 1 115 78 91 91
0119_0118_0187_0135_0135.jpg 1 118 187 135 135
0120_0053_0103_0138_0138.jpg 1 53 103 138 138
0121_0164_0143_0119_0119.jpg 1 164 143 119 119
0122_0084_0218_0145_0145.jpg 1 84 218 145 145
0123_0344_0169_0137_0137.jpg 1 344 169 137 137
0124_0222_0067_0078_0078.jpg 1 222 67 78 78
0125_0156_0051_0113_0113.jpg 1 156 51 113 113
0126_0126_0135_0060_0060.jpg 1 126 135 60 60
0127_0029_0095_0088_0088.jpg 1 29 95 88 88
0128_0057_0081_0107_0107.jpg 1 57 81 107 107
