0001_0043_0025_0144_0144_27.jpg 1 43 25 144 144
0002_0105_0208_0096_0096_27.jpg 1 105 208 96 96
0003_0209_0072_0120_0120_27.jpg 1 209 72 120 120
0004_0005_0015_0136_0136_27.jpg 1 5 15 136 136
0005_0145_0200_0116_0116_27.jpg 1 145 200 116 116
0006_0328_0043_0109_0109_27.jpg 1 328 43 109 109
0007_0170_0223_0157_0157_27.jpg 1 170 223 157 157
0008_0393_0256_0069_0069_27.jpg 1 393 256 69 69
0009_0299_0150_0153_0153_27.jpg 1 299 150 153 153
0010_0354_0187_0147_0147_27.jpg 1 354 187 147 147
0011_0066_0058_0127_0127_27.jpg 1 66 58 127 127
0012_0097_0290_0129_0129_27.jpg 1 97 290 129 129
0013_0321_0208_0048_0048_27.jpg 1 321 208 48 48
0014_0107_0028_0068_0068_27.jpg 1 107 28 68 68
0015_0383_0072_0096_0096_27.jpg 1 383 72 96 96
0016_0280_0240_0067_0067_27.jpg 1 280 240 67 67
0017_0041_0013_0166_0166_27.jpg 1 41 13 166 166
0018_0134_0164_0140_0140_27.jpg 1 134 164 140 140
0019_0115_0110_0065_0065_27.jpg 1 115 110 65 65
0020_0122_0011_0164_0164_27.jpg 1 122 11 164 164
0021_0067_0384_0151_0151_27.jpg 1 67 384 151 151
0022_0317_0067_0071_0071_27.jpg 1 317 67 71 71
0023_0006_0043_0105_0105_27.jpg 1 6 43 105 105
0024_0189_0250_0161_0161_27.jpg 1 189 250 161 161
0025_0136_0247_0151_0151_27.jpg 1 136 247 151 151
0026_0098_0204_0153_0153_27.jpg 1 98 204 153 153
0027_0085_0059_0056_0056_27.jpg 1 85 59 56 56
0028_0189_0096_0155_0155_27.jpg 1 189 96 155 155
0029_0081_0073_0146_0146_27.jpg 1 81 73 146 146
0030_0073_0022_0118_0118_27.jpg 1 73 22 118 118
0031_0124_0031_0160_0160_27.jpg 1 124 31 160 160
0032_0208_0208_0135_0135_27.jpg 1 208 208 135 135
0033_0259_0038_0153_0153_27.jpg 1 259 38 153 153
0034_0047_0100_0114_0114_27.jpg 1 47 100 114 114
0035_0077_0103_0091_0091_27.jpg 1 77 103 91 91
0036_0076_0023_0154_0154_27.jpg 1 76 23 154 154
0037_0155_0122_0139_0139_27.jpg 1 155 122 139 139
0038_0288_0174_0151_0151_27.jpg 1 288 174 151 151
0039_0097_0045_0123_0123_27.jpg 1 97 45 123 123
0040_0022_0038_0061_0061_27.jpg 1 22 38 61 61
0041_0110_0037_0114_0114_27.jpg 1 110 37 114 114
0042_0035_0021_0130_0130_27.jpg 1 35 21 130 130
0043_0120_0057_0072_0072_27.jpg 1 120 57 72 72
0044_0143_0063_0134_0134_27.jpg 1 143 63 134 134
0045_0099_0208_0114_0114_27.jpg 1 99 208 114 114
0046_0064_0389_0101_0101_27.jpg 1 64 389 101 101
0047_0135_0285_0163_0163_27.jpg 1 135 285 163 163
0048_0281_0221_0065_0065_27.jpg 1 281 221 65 65
0049_0081_0148_0048_0048_27.jpg 1 81 148 48 48
0050_0344_0218_0124_0124_27.jpg 1 344 218 124 124
0051_0081_0198_0050_0050_27.jpg 1 81 198 50 50
0052_0158_0018_0086_0086_27.jpg 1 158 18 86 86
0053_0078_0116_0082_0082_27.jpg 1 78 116 82 82
0054_0163_0173_0111_0111_27.jpg 1 163 173 111 111
0055_0080_0033_0134_0134_27.jpg 1 80 33 134 134
0056_0027_0038_0089_0089_27.jpg 1 27 38 89 89
0057_0006_0043_0130_0130_27.jpg 1 6 43 130 130
0058_0083_0106_0061_0061_27.jpg 1 83 106 61 61
0059_0209_0295_0068_0068_27.jpg 1 209 295 68 68
0060_0365_0101_0104_0104_27.jpg 1 365 101 104 104
0061_0360_0141_0157_0157_27.jpg 1 360 141 157 157
0062_0058_0276_0053_0053_27.jpg 1 58 276 53 53
0063_0143_0047_0070_0070_27.jpg 1 143 47 70 70
0064_0082_0066_0106_0106_27.jpg 1 82 66 106 106
0065_0198_0275_0115_0115_27.jpg 1 198 275 115 115
0066_0266_0115_0142_0142_27.jpg 1 266 115 142 142
0067_0220_0068_0123_0123_27.jpg 1 220 68 123 123
0068_0037_0074_0056_0056_27.jpg 1 37 74 56 56
0069_0078_0105_0050_0050_27.jpg 1 78 105 50 50
0070_0409_0175_0064_0064_27.jpg 1 409 175 64 64
0071_0246_0223_0114_0114_27.jpg 1 246 223 114 114
0072_0236_0343_0160_0160_27.jpg 1 236 343 160 160
0073_0147_0201_0109_0109_27.jpg 1 147 201 109 109
0074_0211_0066_0144_0144_27.jpg 1 211 66 144 144
0075_0161_0162_0147_0147_27.jpg 1 161 162 147 147
0076_0048_0034_0165_0165_27.jpg 1 48 34 165 165
0077_0087_0192_0148_0148_27.jpg 1 87 192 148 148
0078_0410_0059_0095_0095_27.jpg 1 410 59 95 95
0079_0020_0042_0159_0159_27.jpg 1 20 42 159 159
0080_0435_0084_0078_0078_27.jpg 1 435 84 78 78
0081_0033_0125_0080_0080_27.jpg 1 33 125 80 80
0082_0146_0212_0156_0156_27.jpg 1 146 212 156 156
0083_0112_0124_0078_0078_27.jpg 1 112 124 78 78
0084_0360_0250_0156_0156_27.jpg 1 360 250 156 156
0085_0396_0060_0107_0107_27.jpg 1 396 60 107 107
0086_0067_0178_0123_0123_27.jpg 1 67 178 123 123
0087_0412_0246_0078_0078_27.jpg 1 412 246 78 78
0088_0146_0202_0061_0061_27.jpg 1 146 202 61 61
0089_0142_0054_0111_0111_27.jpg 1 142 54 111 111
0090_0201_0183_0145_0145_27.jpg 1 201 183 145 145
0091_0239_0198_0105_0105_27.jpg 1 239 198 105 105
0092_0155_0105_0105_0105_27.jpg 1 155 105 105 105
0093_0202_0255_0144_0144_27.jpg 1 202 255 144 144
0094_0037_0045_0124_0124_27.jpg 1 37 45 124 124
0095_0147_0034_0132_0132_27.jpg 1 147 34 132 132
0096_0125_0096_0129_0129_27.jpg 1 125 96 129 129
0097_0304_0178_0151_0151_27.jpg 1 304 178 151 151
0098_0149_0153_0164_0164_27.jpg 1 149 153 164 164
0099_0180_0268_0088_0088_27.jpg 1 180 268 88 88
0100_0065_0067_0101_0101_27.jpg 1 65 67 101 101
0101_0072_0083_0122_0122_27.jpg 1 72 83 122 122
0102_0106_0097_0062_0062_27.jpg 1 106 97 62 62
0103_0050_0023_0069_0069_27.jpg 1 50 23 69 69
0104_0128_0117_0120_0120_27.jpg 1 128 117 120 120
0105_0198_0166_0167_0167_27.jpg 1 198 166 167 167
0106_0054_0083_0126_0126_27.jpg 1 54 83 126 126
0107_0158_0222_0140_0140_27.jpg 1 158 222 140 140
0108_0034_0128_0058_0058_27.jpg 1 34 128 58 58
0109_0085_0028_0144_0144_27.jpg 1 85 28 144 144
0110_0277_0287_0080_0080_27.jpg 1 277 287 80 80
0111_0457_0203_0051_0051_27.jpg 1 457 203 51 51
0112_0072_0070_0117_0117_27.jpg 1 72 70 117 117
0113_0305_0131_0093_0093_27.jpg 1 305 131 93 93
0114_0104_0091_0145_0145_27.jpg 1 104 91 145 145
0115_0066_0110_0092_0092_27.jpg 1 66 110 92 92
0116_0098_0033_0141_0141_27.jpg 1 98 33 141 141
0117_0112_0164_0056_0056_27.jpg 1 112 164 56 56
0118_0050_0078_0091_0091_27.jpg 1 50 78 91 91
0119_0001_0056_0135_0135_27.jpg 1 1 56 135 135
0120_0031_0048_0138_0138_27.jpg 1 31 48 138 138
0121_0164_0143_0119_0119_27.jpg 1 164 143 119 119
0122_0084_0218_0145_0145_27.jpg 1 84 218 145 145
0123_0344_0143_0137_0137_27.jpg 1 344 143 137 137
0124_0222_0067_0078_0078_27.jpg 1 222 67 78 78
0125_0060_0013_0113_0113_27.jpg 1 60 13 113 113
0126_0281_0276_0060_0060_27.jpg 1 281 276 60 60
0127_0176_0346_0088_0088_27.jpg 1 176 346 88 88
0128_0057_0081_0107_0107_27.jpg 1 57 81 107 107
