0001_0045_0025_0144_0144_28.jpg 1 45 25 144 144
0002_0043_0078_0096_0096_28.jpg 1 43 78 96 96
0003_0209_0084_0120_0120_28.jpg 1 209 84 120 120
0004_0057_0015_0136_0136_28.jpg 1 57 15 136 136
0005_0145_0200_0116_0116_28.jpg 1 145 200 116 116
0006_0328_0043_0109_0109_28.jpg 1 328 43 109 109
0007_0170_0223_0157_0157_28.jpg 1 170 223 157 157
0008_0393_0256_0069_0069_28.jpg 1 393 256 69 69
0009_0102_0040_0153_0153_28.jpg 1 102 40 153 153
0010_0354_0187_0147_0147_28.jpg 1 354 187 147 147
0011_0126_0189_0127_0127_28.jpg 1 126 189 127 127
0012_0014_0063_0129_0129_28.jpg 1 14 63 129 129
0013_0071_0092_0048_0048_28.jpg 1 71 92 48 48
0014_0046_0023_0068_0068_28.jpg 1 46 23 68 68
0015_0157_0031_0096_0096_28.jpg 1 157 31 96 96
0016_0123_0100_0067_0067_28.jpg 1 123 100 67 67
0017_0151_0086_0166_0166_28.jpg 1 151 86 166 166
0018_0046_0048_0140_0140_28.jpg 1 46 48 140 140
0019_0326_0331_0065_0065_28.jpg 1 326 331 65 65
0020_0209_0196_0164_0164_28.jpg 1 209 196 164 164
0021_0034_0030_0151_0151_28.jpg 1 34 30 151 151
0022_0317_0067_0071_0071_28.jpg 1 317 67 71 71
0023_0138_0119_0105_0105_28.jpg 1 138 119 105 105
0024_0189_0208_0161_0161_28.jpg 1 189 208 161 161
0025_0047_0066_0151_0151_28.jpg 1 47 66 151 151
0026_0050_0030_0153_0153_28.jpg 1 50 30 153 153
0027_0085_0059_0056_0056_28.jpg 1 85 59 56 56
0028_0064_0016_0155_0155_28.jpg 1 64 16 155 155
0029_0081_0073_0146_0146_28.jpg 1 81 73 146 146
0030_0130_0015_0118_0118_28.jpg 1 130 15 118 118
0031_0249_0188_0160_0160_28.jpg 1 249 188 160 160
0032_0211_0211_0135_0135_28.jpg 1 211 211 135 135
0033_0173_0057_0153_0153_28.jpg 1 173 57 153 153
0034_0148_0100_0114_0114_28.jpg 1 148 100 114 114
0035_0165_0103_0091_0091_28.jpg 1 165 103 91 91
0036_0223_0134_0154_0154_28.jpg 1 223 134 154 154
0037_0158_0105_0139_0139_28.jpg 1 158 105 139 139
0038_0053_0047_0151_0151_28.jpg 1 53 47 151 151
0039_0097_0055_0123_0123_28.jpg 1 97 55 123 123
0040_0035_0038_0061_0061_28.jpg 1 35 38 61 61
0041_0389_0109_0114_0114_28.jpg 1 389 109 114 114
0042_0029_0003_0130_0130_28.jpg 1 29 3 130 130
0043_0120_0057_0072_0072_28.jpg 1 120 57 72 72
0044_0253_0044_0134_0134_28.jpg 1 253 44 134 134
0045_0101_0181_0114_0114_28.jpg 1 101 181 114 114
0046_0091_0273_0101_0101_28.jpg 1 91 273 101 101
0047_0067_0046_0163_0163_28.jpg 1 67 46 163 163
0048_0074_0067_0065_0065_28.jpg 1 74 67 65 65
0049_0399_0333_0048_0048_28.jpg 1 399 333 48 48
0050_0237_0372_0124_0124_28.jpg 1 237 372 124 124
0051_0037_0100_0050_0050_28.jpg 1 37 100 50 50
0052_0375_0058_0086_0086_28.jpg 1 375 58 86 86
0053_0028_0046_0082_0082_28.jpg 1 28 46 82 82
0054_0163_0173_0111_0111_28.jpg 1 163 173 111 111
0055_0232_0070_0134_0134_28.jpg 1 232 70 134 134
0056_0224_0101_0089_0089_28.jpg 1 224 101 89 89
0057_0202_0199_0130_0130_28.jpg 1 202 199 130 130
0058_0083_0106_0061_0061_28.jpg 1 83 106 61 61
0059_0092_0123_0068_0068_28.jpg 1 92 123 68 68
0060_0147_0036_0104_0104_28.jpg 1 147 36 104 104
0061_0047_0036_0157_0157_28.jpg 1 47 36 157 157
0062_0026_0121_0053_0053_28.jpg 1 26 121 53 53
0063_0328_0113_0070_0070_28.jpg 1 328 113 70 70
0064_0144_0265_0106_0106_28.jpg 1 144 265 106 106
0065_0077_0094_0115_0115_28.jpg 1 77 94 115 115
0066_0085_0022_0142_0142_28.jpg 1 85 22 142 142
0067_0083_0022_0123_0123_28.jpg 1 83 22 123 123
0068_0087_0238_0056_0056_28.jpg 1 87 238 56 56
0069_0100_0190_0050_0050_28.jpg 1 100 190 50 50
0070_0181_0068_0064_0064_28.jpg 1 181 68 64 64
0071_0246_0262_0114_0114_28.jpg 1 246 262 114 114
0072_0355_0190_0160_0160_28.jpg 1 355 190 160 160
0073_0058_0058_0109_0109_28.jpg 1 58 58 109 109
0074_0215_0056_0144_0144_28.jpg 1 215 56 144 144
0075_0100_0030_0147_0147_28.jpg 1 100 30 147 147
0076_0147_0164_0165_0165_28.jpg 1 147 164 165 165
0077_0064_0136_0148_0148_28.jpg 1 64 136 148 148
0078_0410_0069_0095_0095_28.jpg 1 410 69 95 95
0079_0061_0233_0159_0159_28.jpg 1 61 233 159 159
0080_0125_0033_0078_0078_28.jpg 1 125 33 78 78
0081_0113_0313_0080_0080_28.jpg 1 113 313 80 80
0082_0027_0055_0156_0156_28.jpg 1 27 55 156 156
0083_0112_0124_0078_0078_28.jpg 1 112 124 78 78
0084_0360_0250_0156_0156_28.jpg 1 360 250 156 156
0085_0158_0021_0107_0107_28.jpg 1 158 21 107 107
0086_0067_0178_0123_0123_28.jpg 1 67 178 123 123
0087_0295_0344_0078_0078_28.jpg 1 295 344 78 78
0088_0065_0086_0061_0061_28.jpg 1 65 86 61 61
0089_0361_0198_0111_0111_28.jpg 1 361 198 111 111
0090_0071_0052_0145_0145_28.jpg 1 71 52 145 145
0091_0096_0071_0105_0105_28.jpg 1 96 71 105 105
0092_0089_0026_0105_0105_28.jpg 1 89 26 105 105
0093_0298_0173_0144_0144_28.jpg 1 298 173 144 144
0094_0313_0139_0124_0124_28.jpg 1 313 139 124 124
0095_0273_0165_0132_0132_28.jpg 1 273 165 132 132
0096_0034_0050_0129_0129_28.jpg 1 34 50 129 129
0097_0105_0047_0151_0151_28.jpg 1 105 47 151 151
0098_0048_0025_0164_0164_28.jpg 1 48 25 164 164
0099_0075_0103_0088_0088_28.jpg 1 75 103 88 88
0100_0073_0067_0101_0101_28.jpg 1 73 67 101 101
0101_0188_0253_0122_0122_28.jpg 1 188 253 122 122
0102_0106_0123_0062_0062_28.jpg 1 106 123 62 62
0103_0179_0055_0069_0069_28.jpg 1 179 55 69 69
0104_0049_0035_0120_0120_28.jpg 1 49 35 120 120
0105_0064_0038_0167_0167_28.jpg 1 64 38 167 167
0106_0246_0260_0126_0126_28.jpg 1 246 260 126 126
0107_0057_0065_0140_0140_28.jpg 1 57 65 140 140
0108_0172_0407_0058_0058_28.jpg 1 172 407 58 58
0109_0310_0099_0144_0144_28.jpg 1 310 99 144 144
0110_0119_0115_0080_0080_28.jpg 1 119 115 80 80
0111_0208_0089_0051_0051_28.jpg 1 208 89 51 51
0112_0136_0186_0117_0117_28.jpg 1 136 186 117 117
0113_0179_0027_0093_0093_28.jpg 1 179 27 93 93
0114_0104_0109_0145_0145_28.jpg 1 104 109 145 145
0115_0228_0200_0092_0092_28.jpg 1 228 200 92 92
0116_0278_0098_0141_0141_28.jpg 1 278 98 141 141
0117_0050_0081_0056_0056_28.jpg 1 50 81 56 56
0118_0115_0078_0091_0091_28.jpg 1 115 78 91 91
0119_0160_0265_0135_0135_28.jpg 1 160 265 135 135
0120_0061_0099_0138_0138_28.jpg 1 61 99 138 138
0121_0063_0046_0119_0119_28.jpg 1 63 46 119 119
0122_0084_0218_0145_0145_28.jpg 1 84 218 145 145
0123_0125_0051_0137_0137_28.jpg 1 125 51 137 137
0124_0222_0067_0078_0078_28.jpg 1 222 67 78 78
0125_0111_0024_0113_0113_28.jpg 1 111 24 113 113
0126_0126_0135_0060_0060_28.jpg 1 126 135 60 60
0127_0073_0095_0088_0088_28.jpg 1 73 95 88 88
0128_0057_0081_0107_0107_28.jpg 1 57 81 107 107
