0001_0035_0025_0144_0144.jpg 1 35 25 144 144
0002_0105_0208_0096_0096.jpg 1 105 208 96 96
0003_0209_0072_0120_0120.jpg 1 209 72 120 120
0004_0013_0015_0136_0136.jpg 1 13 15 136 136
0005_0145_0200_0116_0116.jpg 1 145 200 116 116
0006_0328_0043_0109_0109.jpg 1 328 43 109 109
0007_0170_0223_0157_0157.jpg 1 170 223 157 157
0008_0393_0256_0069_0069.jpg 1 393 256 69 69
0009_0299_0150_0153_0153.jpg 1 299 150 153 153
0010_0354_0187_0147_0147.jpg 1 354 187 147 147
0011_0017_0066_0127_0127.jpg 1 17 66 127 127
0012_0141_0199_0129_0129.jpg 1 141 199 129 129
0013_0321_0208_0048_0048.jpg 1 321 208 48 48
0014_0107_0028_0068_0068.jpg 1 107 28 68 68
0015_0383_0072_0096_0096.jpg 1 383 72 96 96
0016_0280_0240_0067_0067.jpg 1 280 240 67 67
0017_0087_0013_0166_0166.jpg 1 87 13 166 166
0018_0134_0164_0140_0140.jpg 1 134 164 140 140
0019_0115_0108_0065_0065.jpg 1 115 108 65 65
0020_0101_0030_0164_0164.jpg 1 101 30 164 164
0021_0067_0384_0151_0151.jpg 1 67 384 151 151
0022_0317_0067_0071_0071.jpg 1 317 67 71 71
0023_0055_0032_0105_0105.jpg 1 55 32 105 105
0024_0189_0250_0161_0161.jpg 1 189 250 161 161
0025_0136_0247_0151_0151.jpg 1 136 247 151 151
0026_0098_0204_0153_0153.jpg 1 98 204 153 153
0027_0085_0059_0056_0056.jpg 1 85 59 56 56
0028_0189_0096_0155_0155.jpg 1 189 96 155 155
0029_0052_0073_0146_0146.jpg 1 52 73 146 146
0030_0022_0022_0118_0118.jpg 1 22 22 118 118
0031_0124_0014_0160_0160.jpg 1 124 14 160 160
0032_0208_0208_0135_0135.jpg 1 208 208 135 135
0033_0173_0057_0153_0153.jpg 1 173 57 153 153
0034_0028_0100_0114_0114.jpg 1 28 100 114 114
0035_0165_0103_0091_0091.jpg 1 165 103 91 91
0036_0076_0033_0154_0154.jpg 1 76 33 154 154
0037_0155_0122_0139_0139.jpg 1 155 122 139 139
0038_0194_0258_0151_0151.jpg 1 194 258 151 151
0039_0056_0055_0123_0123.jpg 1 56 55 123 123
0040_0035_0033_0061_0061.jpg 1 35 33 61 61
0041_0040_0037_0114_0114.jpg 1 40 37 114 114
0042_0005_0021_0130_0130.jpg 1 5 21 130 130
0043_0120_0057_0072_0072.jpg 1 120 57 72 72
0044_0143_0063_0134_0134.jpg 1 143 63 134 134
0045_0099_0208_0114_0114.jpg 1 99 208 114 114
0046_0091_0273_0101_0101.jpg 1 91 273 101 101
0047_0203_0189_0163_0163.jpg 1 203 189 163 163
0048_0281_0221_0065_0065.jpg 1 281 221 65 65
0049_0119_0148_0048_0048.jpg 1 119 148 48 48
0050_0344_0218_0124_0124.jpg 1 344 218 124 124
0051_0051_0311_0050_0050.jpg 1 51 311 50 50
0052_0151_0022_0086_0086.jpg 1 151 22 86 86
0053_0078_0116_0082_0082.jpg 1 78 116 82 82
0054_0114_0248_0111_0111.jpg 1 114 248 111 111
0055_0080_0033_0134_0134.jpg 1 80 33 134 134
0056_0044_0038_0089_0089.jpg 1 44 38 89 89
0057_0055_0043_0130_0130.jpg 1 55 43 130 130
0058_0083_0097_0061_0061.jpg 1 83 97 61 61
0059_0209_0295_0068_0068.jpg 1 209 295 68 68
0060_0365_0101_0104_0104.jpg 1 365 101 104 104
0061_0360_0141_0157_0157.jpg 1 360 141 157 157
0062_0058_0276_0053_0053.jpg 1 58 276 53 53
0063_0143_0039_0070_0070.jpg 1 143 39 70 70
0064_0051_0066_0106_0106.jpg 1 51 66 106 106
0065_0198_0275_0115_0115.jpg 1 198 275 115 115
0066_0266_0115_0142_0142.jpg 1 266 115 142 142
0067_0220_0068_0123_0123.jpg 1 220 68 123 123
0068_0035_0074_0056_0056.jpg 1 35 74 56 56
0069_0037_0122_0050_0050.jpg 1 37 122 50 50
0070_0409_0175_0064_0064.jpg 1 409 175 64 64
0071_0246_0223_0114_0114.jpg 1 246 223 114 114
0072_0236_0343_0160_0160.jpg 1 236 343 160 160
0073_0147_0201_0109_0109.jpg 1 147 201 109 109
0074_0143_0097_0144_0144.jpg 1 143 97 144 144
0075_0161_0162_0147_0147.jpg 1 161 162 147 147
0076_0048_0039_0165_0165.jpg 1 48 39 165 165
0077_0087_0192_0148_0148.jpg 1 87 192 148 148
0078_0410_0059_0095_0095.jpg 1 410 59 95 95
0079_0013_0058_0159_0159.jpg 1 13 58 159 159
0080_0435_0084_0078_0078.jpg 1 435 84 78 78
0081_0048_0087_0080_0080.jpg 1 48 87 80 80
0082_0146_0212_0156_0156.jpg 1 146 212 156 156
0083_0112_0124_0078_0078.jpg 1 112 124 78 78
0084_0360_0250_0156_0156.jpg 1 360 250 156 156
0085_0396_0060_0107_0107.jpg 1 396 60 107 107
0086_0067_0178_0123_0123.jpg 1 67 178 123 123
0087_0412_0246_0078_0078.jpg 1 412 246 78 78
0088_0146_0202_0061_0061.jpg 1 146 202 61 61
0089_0040_0069_0111_0111.jpg 1 40 69 111 111
0090_0136_0271_0145_0145.jpg 1 136 271 145 145
0091_0239_0198_0105_0105.jpg 1 239 198 105 105
0092_0155_0105_0105_0105.jpg 1 155 105 105 105
0093_0202_0255_0144_0144.jpg 1 202 255 144 144
0094_0027_0045_0124_0124.jpg 1 27 45 124 124
0095_0147_0035_0132_0132.jpg 1 147 35 132 132
0096_0125_0096_0129_0129.jpg 1 125 96 129 129
0097_0304_0178_0151_0151.jpg 1 304 178 151 151
0098_0149_0153_0164_0164.jpg 1 149 153 164 164
0099_0180_0268_0088_0088.jpg 1 180 268 88 88
0100_0020_0067_0101_0101.jpg 1 20 67 101 101
0101_0072_0075_0122_0122.jpg 1 72 75 122 122
0102_0073_0123_0062_0062.jpg 1 73 123 62 62
0103_0052_0023_0069_0069.jpg 1 52 23 69 69
0104_0128_0117_0120_0120.jpg 1 128 117 120 120
0105_0198_0166_0167_0167.jpg 1 198 166 167 167
0106_0017_0083_0126_0126.jpg 1 17 83 126 126
0107_0158_0222_0140_0140.jpg 1 158 222 140 140
0108_0049_0128_0058_0058.jpg 1 49 128 58 58
0109_0110_0015_0144_0144.jpg 1 110 15 144 144
0110_0277_0287_0080_0080.jpg 1 277 287 80 80
0111_0457_0203_0051_0051.jpg 1 457 203 51 51
0112_0024_0091_0117_0117.jpg 1 24 91 117 117
0113_0305_0131_0093_0093.jpg 1 305 131 93 93
0114_0104_0091_0145_0145.jpg 1 104 91 145 145
0115_0086_0110_0092_0092.jpg 1 86 110 92 92
0116_0098_0033_0141_0141.jpg 1 98 33 141 141
0117_0112_0164_0056_0056.jpg 1 112 164 56 56
0118_0075_0078_0091_0091.jpg 1 75 78 91 91
0119_0043_0019_0135_0135.jpg 1 43 19 135 135
0120_0036_0048_0138_0138.jpg 1 36 48 138 138
0121_0164_0143_0119_0119.jpg 1 164 143 119 119
0122_0084_0218_0145_0145.jpg 1 84 218 145 145
0123_0198_0249_0137_0137.jpg 1 198 249 137 137
0124_0222_0067_0078_0078.jpg 1 222 67 78 78
0125_0092_0013_0113_0113.jpg 1 92 13 113 113
0126_0177_0438_0060_0060.jpg 1 177 438 60 60
0127_0176_0346_0088_0088.jpg 1 176 346 88 88
0128_0057_0064_0107_0107.jpg 1 57 64 107 107
