0001_0045_0025_0144_0144.jpg 1 45 25 144 144
0002_0043_0078_0096_0096.jpg 1 43 78 96 96
0003_0212_0086_0120_0120.jpg 1 212 86 120 120
0004_0057_0015_0136_0136.jpg 1 57 15 136 136
0005_0103_0292_0116_0116.jpg 1 103 292 116 116
0006_0130_0015_0109_0109.jpg 1 130 15 109 109
0007_0057_0057_0157_0157.jpg 1 57 57 157 157
0008_0393_0256_0069_0069.jpg 1 393 256 69 69
0009_0053_0040_0153_0153.jpg 1 53 40 153 153
0010_0354_0187_0147_0147.jpg 1 354 187 147 147
0011_0175_0207_0127_0127.jpg 1 175 207 127 127
0012_0013_0063_0129_0129.jpg 1 13 63 129 129
0013_0147_0081_0048_0048.jpg 1 147 81 48 48
0014_0103_0015_0068_0068.jpg 1 103 15 68 68
0015_0236_0120_0096_0096.jpg 1 236 120 96 96
0016_0088_0100_0067_0067.jpg 1 88 100 67 67
0017_0178_0084_0166_0166.jpg 1 178 84 166 166
0018_0048_0038_0140_0140.jpg 1 48 38 140 140
0019_0219_0206_0065_0065.jpg 1 219 206 65 65
0020_0372_0128_0164_0164.jpg 1 372 128 164 164
0021_0100_0258_0151_0151.jpg 1 100 258 151 151
0022_0317_0067_0071_0071.jpg 1 317 67 71 71
0023_0138_0119_0105_0105.jpg 1 138 119 105 105
0024_0189_0208_0161_0161.jpg 1 189 208 161 161
0025_0027_0167_0151_0151.jpg 1 27 167 151 151
0026_0050_0009_0153_0153.jpg 1 50 9 153 153
0027_0085_0059_0056_0056.jpg 1 85 59 56 56
0028_0059_0025_0155_0155.jpg 1 59 25 155 155
0029_0081_0073_0146_0146.jpg 1 81 73 146 146
0030_0130_0043_0118_0118.jpg 1 130 43 118 118
0031_0373_0125_0160_0160.jpg 1 373 125 160 160
0032_0211_0211_0135_0135.jpg 1 211 211 135 135
0033_0088_0007_0153_0153.jpg 1 88 7 153 153
0034_0148_0100_0114_0114.jpg 1 148 100 114 114
0035_0165_0103_0091_0091.jpg 1 165 103 91 91
0036_0223_0134_0154_0154.jpg 1 223 134 154 154
0037_0158_0105_0139_0139.jpg 1 158 105 139 139
0038_0052_0047_0151_0151.jpg 1 52 47 151 151
0039_0097_0055_0123_0123.jpg 1 97 55 123 123
0040_0079_0089_0061_0061.jpg 1 79 89 61 61
0041_0389_0109_0114_0114.jpg 1 389 109 114 114
0042_0014_0010_0130_0130.jpg 1 14 10 130 130
0043_0120_0057_0072_0072.jpg 1 120 57 72 72
0044_0173_0064_0134_0134.jpg 1 173 64 134 134
0045_0038_0071_0114_0114.jpg 1 38 71 114 114
0046_0024_0100_0101_0101.jpg 1 24 100 101 101
0047_0067_0025_0163_0163.jpg 1 67 25 163 163
0048_0173_0056_0065_0065.jpg 1 173 56 65 65
0049_0399_0333_0048_0048.jpg 1 399 333 48 48
0050_0344_0257_0124_0124.jpg 1 344 257 124 124
0051_0052_0316_0050_0050.jpg 1 52 316 50 50
0052_0151_0016_0086_0086.jpg 1 151 16 86 86
0053_0023_0046_0082_0082.jpg 1 23 46 82 82
0054_0163_0173_0111_0111.jpg 1 163 173 111 111
0055_0395_0108_0134_0134.jpg 1 395 108 134 134
0056_0221_0099_0089_0089.jpg 1 221 99 89 89
0057_0294_0137_0130_0130.jpg 1 294 137 130 130
0058_0083_0106_0061_0061.jpg 1 83 106 61 61
0059_0212_0260_0068_0068.jpg 1 212 260 68 68
0060_0256_0144_0104_0104.jpg 1 256 144 104 104
0061_0121_0036_0157_0157.jpg 1 121 36 157 157
0062_0026_0121_0053_0053.jpg 1 26 121 53 53
0063_0328_0113_0070_0070.jpg 1 328 113 70 70
0064_0206_0185_0106_0106.jpg 1 206 185 106 106
0065_0024_0094_0115_0115.jpg 1 24 94 115 115
0066_0029_0022_0142_0142.jpg 1 29 22 142 142
0067_0223_0069_0123_0123.jpg 1 223 69 123 123
0068_0119_0172_0056_0056.jpg 1 119 172 56 56
0069_0089_0234_0050_0050.jpg 1 89 234 50 50
0070_0181_0061_0064_0064.jpg 1 181 61 64 64
0071_0246_0262_0114_0114.jpg 1 246 262 114 114
0072_0355_0228_0160_0160.jpg 1 355 228 160 160
0073_0036_0071_0109_0109.jpg 1 36 71 109 109
0074_0215_0056_0144_0144.jpg 1 215 56 144 144
0075_0100_0030_0147_0147.jpg 1 100 30 147 147
0076_0147_0164_0165_0165.jpg 1 147 164 165 165
0077_0064_0136_0148_0148.jpg 1 64 136 148 148
0078_0169_0026_0095_0095.jpg 1 169 26 95 95
0079_0061_0233_0159_0159.jpg 1 61 233 159 159
0080_0110_0033_0078_0078.jpg 1 110 33 78 78
0081_0113_0313_0080_0080.jpg 1 113 313 80 80
0082_0027_0055_0156_0156.jpg 1 27 55 156 156
0083_0032_0050_0078_0078.jpg 1 32 50 78 78
0084_0360_0250_0156_0156.jpg 1 360 250 156 156
0085_0402_0061_0107_0107.jpg 1 402 61 107 107
0086_0025_0058_0123_0123.jpg 1 25 58 123 123
0087_0295_0344_0078_0078.jpg 1 295 344 78 78
0088_0065_0086_0061_0061.jpg 1 65 86 61 61
0089_0360_0192_0111_0111.jpg 1 360 192 111 111
0090_0204_0187_0145_0145.jpg 1 204 187 145 145
0091_0087_0071_0105_0105.jpg 1 87 71 105 105
0092_0089_0026_0105_0105.jpg 1 89 26 105 105
0093_0298_0173_0144_0144.jpg 1 298 173 144 144
0094_0313_0139_0124_0124.jpg 1 313 139 124 124
0095_0399_0113_0132_0132.jpg 1 399 113 132 132
0096_0125_0096_0129_0129.jpg 1 125 96 129 129
0097_0205_0264_0151_0151.jpg 1 205 264 151 151
0098_0023_0036_0164_0164.jpg 1 23 36 164 164
0099_0075_0099_0088_0088.jpg 1 75 99 88 88
0100_0073_0067_0101_0101.jpg 1 73 67 101 101
0101_0188_0253_0122_0122.jpg 1 188 253 122 122
0102_0241_0293_0062_0062.jpg 1 241 293 62 62
0103_0179_0055_0069_0069.jpg 1 179 55 69 69
0104_0030_0039_0120_0120.jpg 1 30 39 120 120
0105_0064_0038_0167_0167.jpg 1 64 38 167 167
0106_0169_0378_0126_0126.jpg 1 169 378 126 126
0107_0160_0226_0140_0140.jpg 1 160 226 140 140
0108_0082_0214_0058_0058.jpg 1 82 214 58 58
0109_0310_0099_0144_0144.jpg 1 310 99 144 144
0110_0119_0115_0080_0080.jpg 1 119 115 80 80
0111_0457_0203_0051_0051.jpg 1 457 203 51 51
0112_0065_0157_0117_0117.jpg 1 65 157 117 117
0113_0116_0035_0093_0093.jpg 1 116 35 93 93
0114_0070_0161_0145_0145.jpg 1 70 161 145 145
0115_0238_0180_0092_0092.jpg 1 238 180 92 92
0116_0278_0116_0141_0141.jpg 1 278 116 141 141
0117_0050_0081_0056_0056.jpg 1 50 81 56 56
0118_0280_0180_0091_0091.jpg 1 280 180 91 91
0119_0118_0187_0135_0135.jpg 1 118 187 135 135
0120_0061_0141_0138_0138.jpg 1 61 141 138 138
0121_0034_0047_0119_0119.jpg 1 34 47 119 119
0122_0084_0218_0145_0145.jpg 1 84 218 145 145
0123_0125_0051_0137_0137.jpg 1 125 51 137 137
0124_0222_0067_0078_0078.jpg 1 222 67 78 78
0125_0234_0038_0113_0113.jpg 1 234 38 113 113
0126_0126_0135_0060_0060.jpg 1 126 135 60 60
0127_0072_0095_0088_0088.jpg 1 72 95 88 88
0128_0057_0081_0107_0107.jpg 1 57 81 107 107
