0001_0017_0035_0106_0106_31.jpg 1 17 35 106 106
0002_0109_0219_0077_0077_31.jpg 1 109 219 77 77
0003_0220_0078_0092_0092_31.jpg 1 220 78 92 92
0004_0008_0021_0102_0102_31.jpg 1 8 21 102 102
0005_0153_0215_0089_0089_31.jpg 1 153 215 89 89
0006_0343_0045_0085_0085_31.jpg 1 343 45 85 85
0007_0186_0253_0114_0114_31.jpg 1 186 253 114 114
0008_0398_0261_0061_0061_31.jpg 1 398 261 61 61
0009_0324_0169_0112_0112_31.jpg 1 324 169 112 112
0010_0382_0209_0108_0108_31.jpg 1 382 209 108 108
0011_0043_0084_0096_0096_31.jpg 1 43 84 96 96
0012_0106_0308_0097_0097_31.jpg 1 106 308 97 97
0013_0321_0208_0048_0048_31.jpg 1 321 208 48 48
0014_0072_0029_0060_0060_31.jpg 1 72 29 60 60
0015_0246_0123_0077_0077_31.jpg 1 246 123 77 77
0016_0284_0244_0059_0059_31.jpg 1 284 244 59 59
0017_0113_0021_0120_0120_31.jpg 1 113 21 120 120
0018_0144_0182_0104_0104_31.jpg 1 144 182 104 104
0019_0118_0115_0058_0058_31.jpg 1 118 115 58 58
0020_0157_0032_0119_0119_31.jpg 1 157 32 119 119
0021_0075_0416_0111_0111_31.jpg 1 75 416 111 111
0022_0232_0094_0062_0062_31.jpg 1 232 94 62 62
0023_0028_0050_0082_0082_31.jpg 1 28 50 82 82
0024_0207_0285_0117_0117_31.jpg 1 207 285 117 117
0025_0147_0277_0111_0111_31.jpg 1 147 277 111 111
0026_0110_0222_0112_0112_31.jpg 1 110 222 112 112
0027_0086_0060_0052_0052_31.jpg 1 86 60 52 52
0028_0206_0109_0113_0113_31.jpg 1 206 109 113 113
0029_0099_0103_0108_0108_31.jpg 1 99 103 108 108
0030_0083_0024_0090_0090_31.jpg 1 83 24 90 90
0031_0158_0048_0116_0116_31.jpg 1 158 48 116 116
0032_0156_0325_0101_0101_31.jpg 1 156 325 101 101
0033_0280_0043_0112_0112_31.jpg 1 280 43 112 112
0034_0167_0120_0088_0088_31.jpg 1 167 120 88 88
0035_0079_0115_0074_0074_31.jpg 1 79 115 74 74
0036_0048_0052_0112_0112_31.jpg 1 48 52 112 112
0037_0166_0135_0103_0103_31.jpg 1 166 135 103 103
0038_0312_0195_0111_0111_31.jpg 1 312 195 111 111
0039_0112_0041_0093_0093_31.jpg 1 112 41 93 93
0040_0036_0039_0056_0056_31.jpg 1 36 39 56 56
0041_0115_0045_0088_0088_31.jpg 1 115 45 88 88
0042_0032_0028_0098_0098_31.jpg 1 32 28 98 98
0043_0121_0059_0063_0063_31.jpg 1 121 59 63 63
0044_0266_0041_0100_0100_31.jpg 1 266 41 100 100
0045_0104_0223_0088_0088_31.jpg 1 104 223 88 88
0046_0095_0288_0080_0080_31.jpg 1 95 288 80 80
0047_0154_0312_0118_0118_31.jpg 1 154 312 118 118
0048_0394_0162_0058_0058_31.jpg 1 394 162 58 58
0049_0183_0126_0048_0048_31.jpg 1 183 126 48 48
0050_0364_0239_0094_0094_31.jpg 1 364 239 94 94
0051_0081_0199_0049_0049_31.jpg 1 81 199 49 49
0052_0059_0025_0071_0071_31.jpg 1 59 25 71 71
0053_0057_0167_0068_0068_31.jpg 1 57 167 68 68
0054_0121_0259_0086_0086_31.jpg 1 121 259 86 86
0055_0166_0044_0100_0100_31.jpg 1 166 44 100 100
0056_0099_0042_0073_0073_31.jpg 1 99 42 73 73
0057_0128_0052_0098_0098_31.jpg 1 128 52 98 98
0058_0084_0109_0055_0055_31.jpg 1 84 109 55 55
0059_0212_0300_0060_0060_31.jpg 1 212 300 60 60
0060_0380_0107_0082_0082_31.jpg 1 380 107 82 82
0061_0392_0160_0114_0114_31.jpg 1 392 160 114 114
0062_0059_0278_0051_0051_31.jpg 1 59 278 51 51
0063_0149_0042_0061_0061_31.jpg 1 149 42 61 61
0064_0060_0078_0083_0083_31.jpg 1 60 78 83 83
0065_0208_0295_0088_0088_31.jpg 1 208 295 88 88
0066_0421_0086_0105_0105_31.jpg 1 421 86 105 105
0067_0232_0073_0093_0093_31.jpg 1 232 73 93 93
0068_0054_0070_0053_0053_31.jpg 1 54 70 53 53
0069_0032_0123_0049_0049_31.jpg 1 32 123 49 49
0070_0413_0177_0058_0058_31.jpg 1 413 177 58 58
0071_0258_0242_0088_0088_31.jpg 1 258 242 88 88
0072_0269_0374_0116_0116_31.jpg 1 269 374 116 116
0073_0154_0214_0085_0085_31.jpg 1 154 214 85 85
0074_0159_0105_0106_0106_31.jpg 1 159 105 106 106
0075_0184_0174_0108_0108_31.jpg 1 184 174 108 108
0076_0024_0063_0119_0119_31.jpg 1 24 63 119 119
0077_0094_0215_0109_0109_31.jpg 1 94 215 109 109
0078_0424_0062_0076_0076_31.jpg 1 424 62 76 76
0079_0026_0090_0115_0115_31.jpg 1 26 90 115 115
0080_0444_0086_0066_0066_31.jpg 1 444 86 66 66
0081_0051_0135_0067_0067_31.jpg 1 51 135 67 67
0082_0158_0240_0114_0114_31.jpg 1 158 240 114 114
0083_0114_0128_0066_0066_31.jpg 1 114 128 66 66
0084_0392_0283_0114_0114_31.jpg 1 392 283 114 114
0085_0294_0090_0084_0084_31.jpg 1 294 90 84 84
0086_0071_0192_0094_0094_31.jpg 1 71 192 94 94
0087_0421_0253_0066_0066_31.jpg 1 421 253 66 66
0088_0147_0204_0056_0056_31.jpg 1 147 204 56 56
0089_0160_0082_0086_0086_31.jpg 1 160 82 86 86
0090_0151_0292_0107_0107_31.jpg 1 151 292 107 107
0091_0177_0295_0083_0083_31.jpg 1 177 295 83 83
0092_0231_0078_0082_0082_31.jpg 1 231 78 82 82
0093_0321_0192_0106_0106_31.jpg 1 321 192 106 106
0094_0137_0057_0094_0094_31.jpg 1 137 57 94 94
0095_0110_0045_0099_0099_31.jpg 1 110 45 99 99
0096_0133_0105_0097_0097_31.jpg 1 133 105 97 97
0097_0230_0287_0110_0110_31.jpg 1 230 287 110 110
0098_0163_0174_0119_0119_31.jpg 1 163 174 119 119
0099_0185_0279_0072_0072_31.jpg 1 185 279 72 72
0100_0080_0048_0080_0080_31.jpg 1 80 48 80 80
0101_0041_0104_0093_0093_31.jpg 1 41 104 93 93
0102_0046_0127_0056_0056_31.jpg 1 46 127 56 56
0103_0026_0024_0060_0060_31.jpg 1 26 24 60 60
0104_0135_0126_0092_0092_31.jpg 1 135 126 92 92
0105_0218_0191_0120_0120_31.jpg 1 218 191 120 120
0106_0107_0106_0095_0095_31.jpg 1 107 106 95 95
0107_0169_0245_0104_0104_31.jpg 1 169 245 104 104
0108_0050_0121_0054_0054_31.jpg 1 50 121 54 54
0109_0083_0039_0106_0106_31.jpg 1 83 39 106 106
0110_0284_0297_0067_0067_31.jpg 1 284 297 67 67
0111_0458_0204_0050_0050_31.jpg 1 458 204 50 50
0112_0037_0111_0090_0090_31.jpg 1 37 111 90 90
0113_0320_0135_0075_0075_31.jpg 1 320 135 75 75
0114_0112_0104_0107_0107_31.jpg 1 112 104 107 107
0115_0099_0123_0074_0074_31.jpg 1 99 123 74 74
0116_0118_0038_0104_0104_31.jpg 1 118 38 104 104
0117_0113_0166_0053_0053_31.jpg 1 113 166 53 53
0118_0124_0073_0074_0074_31.jpg 1 124 73 74 74
0119_0051_0055_0101_0101_31.jpg 1 51 55 101 101
0120_0043_0059_0102_0102_31.jpg 1 43 59 102 102
0121_0173_0154_0091_0091_31.jpg 1 173 154 91 91
0122_0091_0242_0107_0107_31.jpg 1 91 242 107 107
0123_0368_0160_0102_0102_31.jpg 1 368 160 102 102
0124_0226_0069_0066_0066_31.jpg 1 226 69 66 66
0125_0246_0041_0087_0087_31.jpg 1 246 41 87 87
0126_0179_0441_0055_0055_31.jpg 1 179 441 55 55
0127_0183_0356_0072_0072_31.jpg 1 183 356 72 72
0128_0063_0078_0084_0084_31.jpg 1 63 78 84 84
