0001_0045_0025_0144_0144.jpg 1 45 25 144 144
0002_0105_0208_0096_0096.jpg 1 105 208 96 96
0003_0080_0028_0120_0120.jpg 1 80 28 120 120
0004_0157_0052_0136_0136.jpg 1 157 52 136 136
0005_0148_0203_0116_0116.jpg 1 148 203 116 116
0006_0328_0043_0109_0109.jpg 1 328 43 109 109
0007_0057_0057_0157_0157.jpg 1 57 57 157 157
0008_0393_0256_0069_0069.jpg 1 393 256 69 69
0009_0299_0150_0153_0153.jpg 1 299 150 153 153
0010_0354_0187_0147_0147.jpg 1 354 187 147 147
0011_0118_0109_0127_0127.jpg 1 118 109 127 127
0012_0052_0029_0129_0129.jpg 1 52 29 129 129
0013_0147_0086_0048_0048.jpg 1 147 86 48 48
0014_0394_0111_0068_0068.jpg 1 394 111 68 68
0015_0157_0031_0096_0096.jpg 1 157 31 96 96
0016_0084_0100_0067_0067.jpg 1 84 100 67 67
0017_0269_0056_0166_0166.jpg 1 269 56 166 166
0018_0048_0039_0140_0140.jpg 1 48 39 140 140
0019_0156_0215_0065_0065.jpg 1 156 215 65 65
0020_0122_0030_0164_0164.jpg 1 122 30 164 164
0021_0018_0069_0151_0151.jpg 1 18 69 151 151
0022_0317_0067_0071_0071.jpg 1 317 67 71 71
0023_0096_0171_0105_0105.jpg 1 96 171 105 105
0024_0189_0208_0161_0161.jpg 1 189 208 161 161
0025_0138_0211_0151_0151.jpg 1 138 211 151 151
0026_0047_0036_0153_0153.jpg 1 47 36 153 153
0027_0085_0059_0056_0056.jpg 1 85 59 56 56
0028_0042_0025_0155_0155.jpg 1 42 25 155 155
0029_0081_0073_0146_0146.jpg 1 81 73 146 146
0030_0134_0039_0118_0118.jpg 1 134 39 118 118
0031_0373_0125_0160_0160.jpg 1 373 125 160 160
0032_0076_0063_0135_0135.jpg 1 76 63 135 135
0033_0088_0007_0153_0153.jpg 1 88 7 153 153
0034_0148_0100_0114_0114.jpg 1 148 100 114 114
0035_0165_0103_0091_0091.jpg 1 165 103 91 91
0036_0227_0114_0154_0154.jpg 1 227 114 154 154
0037_0056_0036_0139_0139.jpg 1 56 36 139 139
0038_0052_0047_0151_0151.jpg 1 52 47 151 151
0039_0097_0055_0123_0123.jpg 1 97 55 123 123
0040_0079_0089_0061_0061.jpg 1 79 89 61 61
0041_0389_0109_0114_0114.jpg 1 389 109 114 114
0042_0028_0019_0130_0130.jpg 1 28 19 130 130
0043_0120_0050_0072_0072.jpg 1 120 50 72 72
0044_0253_0044_0134_0134.jpg 1 253 44 134 134
0045_0099_0208_0114_0114.jpg 1 99 208 114 114
0046_0037_0100_0101_0101.jpg 1 37 100 101 101
0047_0067_0033_0163_0163.jpg 1 67 33 163 163
0048_0390_0159_0065_0065.jpg 1 390 159 65 65
0049_0291_0457_0048_0048.jpg 1 291 457 48 48
0050_0237_0372_0124_0124.jpg 1 237 372 124 124
0051_0037_0100_0050_0050.jpg 1 37 100 50 50
0052_0375_0058_0086_0086.jpg 1 375 58 86 86
0053_0032_0046_0082_0082.jpg 1 32 46 82 82
0054_0163_0173_0111_0111.jpg 1 163 173 111 111
0055_0228_0108_0134_0134.jpg 1 228 108 134 134
0056_0156_0140_0089_0089.jpg 1 156 140 89 89
0057_0294_0137_0130_0130.jpg 1 294 137 130 130
0058_0187_0248_0061_0061.jpg 1 187 248 61 61
0059_0212_0260_0068_0068.jpg 1 212 260 68 68
0060_0147_0036_0104_0104.jpg 1 147 36 104 104
0061_0008_0036_0157_0157.jpg 1 8 36 157 157
0062_0026_0121_0053_0053.jpg 1 26 121 53 53
0063_0328_0113_0070_0070.jpg 1 328 113 70 70
0064_0206_0185_0106_0106.jpg 1 206 185 106 106
0065_0198_0275_0115_0115.jpg 1 198 275 115 115
0066_0140_0016_0142_0142.jpg 1 140 16 142 142
0067_0223_0069_0123_0123.jpg 1 223 69 123 123
0068_0119_0172_0056_0056.jpg 1 119 172 56 56
0069_0154_0231_0050_0050.jpg 1 154 231 50 50
0070_0415_0154_0064_0064.jpg 1 415 154 64 64
0071_0246_0262_0114_0114.jpg 1 246 262 114 114
0072_0100_0057_0160_0160.jpg 1 100 57 160 160
0073_0041_0071_0109_0109.jpg 1 41 71 109 109
0074_0075_0018_0144_0144.jpg 1 75 18 144 144
0075_0100_0030_0147_0147.jpg 1 100 30 147 147
0076_0147_0164_0165_0165.jpg 1 147 164 165 165
0077_0030_0053_0148_0148.jpg 1 30 53 148 148
0078_0169_0026_0095_0095.jpg 1 169 26 95 95
0079_0061_0233_0159_0159.jpg 1 61 233 159 159
0080_0171_0033_0078_0078.jpg 1 171 33 78 78
0081_0113_0313_0080_0080.jpg 1 113 313 80 80
0082_0049_0055_0156_0156.jpg 1 49 55 156 156
0083_0048_0045_0078_0078.jpg 1 48 45 78 78
0084_0360_0250_0156_0156.jpg 1 360 250 156 156
0085_0158_0021_0107_0107.jpg 1 158 21 107 107
0086_0025_0058_0123_0123.jpg 1 25 58 123 123
0087_0412_0246_0078_0078.jpg 1 412 246 78 78
0088_0146_0202_0061_0061.jpg 1 146 202 61 61
0089_0226_0130_0111_0111.jpg 1 226 130 111 111
0090_0201_0183_0145_0145.jpg 1 201 183 145 145
0091_0096_0071_0105_0105.jpg 1 96 71 105 105
0092_0168_0054_0105_0105.jpg 1 168 54 105 105
0093_0298_0173_0144_0144.jpg 1 298 173 144 144
0094_0313_0139_0124_0124.jpg 1 313 139 124 124
0095_0399_0113_0132_0132.jpg 1 399 113 132 132
0096_0068_0095_0129_0129.jpg 1 68 95 129 129
0097_0036_0048_0151_0151.jpg 1 36 48 151 151
0098_0048_0036_0164_0164.jpg 1 48 36 164 164
0099_0026_0103_0088_0088.jpg 1 26 103 88 88
0100_0073_0067_0101_0101.jpg 1 73 67 101 101
0101_0188_0253_0122_0122.jpg 1 188 253 122 122
0102_0106_0123_0062_0062.jpg 1 106 123 62 62
0103_0179_0055_0069_0069.jpg 1 179 55 69 69
0104_0049_0038_0120_0120.jpg 1 49 38 120 120
0105_0131_0251_0167_0167.jpg 1 131 251 167 167
0106_0246_0260_0126_0126.jpg 1 246 260 126 126
0107_0057_0065_0140_0140.jpg 1 57 65 140 140
0108_0074_0223_0058_0058.jpg 1 74 223 58 58
0109_0310_0099_0144_0144.jpg 1 310 99 144 144
0110_0119_0115_0080_0080.jpg 1 119 115 80 80
0111_0337_0283_0051_0051.jpg 1 337 283 51 51
0112_0115_0134_0117_0117.jpg 1 115 134 117 117
0113_0178_0035_0093_0093.jpg 1 178 35 93 93
0114_0104_0109_0145_0145.jpg 1 104 109 145 145
0115_0034_0010_0092_0092.jpg 1 34 10 92 92
0116_0098_0033_0141_0141.jpg 1 98 33 141 141
0117_0050_0081_0056_0056.jpg 1 50 81 56 56
0118_0280_0180_0091_0091.jpg 1 280 180 91 91
0119_0024_0015_0135_0135.jpg 1 24 15 135 135
0120_0068_0085_0138_0138.jpg 1 68 85 138 138
0121_0063_0047_0119_0119.jpg 1 63 47 119 119
0122_0084_0218_0145_0145.jpg 1 84 218 145 145
0123_0125_0051_0137_0137.jpg 1 125 51 137 137
0124_0222_0067_0078_0078.jpg 1 222 67 78 78
0125_0168_0025_0113_0113.jpg 1 168 25 113 113
0126_0126_0135_0060_0060.jpg 1 126 135 60 60
0127_0068_0095_0088_0088.jpg 1 68 95 88 88
0128_0087_0331_0107_0107.jpg 1 87 331 107 107
