0001_0015_0036_0101_0101.jpg 1 15 36 101 101
0002_0109_0220_0074_0074.jpg 1 109 220 74 74
0003_0222_0079_0087_0087.jpg 1 222 79 87 87
0004_0045_0022_0096_0096.jpg 1 45 22 96 96
0005_0154_0217_0085_0085.jpg 1 154 217 85 85
0006_0345_0046_0081_0081.jpg 1 345 46 81 81
0007_0188_0257_0108_0108.jpg 1 188 257 108 108
0008_0399_0261_0060_0060.jpg 1 399 261 60 60
0009_0328_0172_0106_0106.jpg 1 328 172 106 106
0010_0386_0212_0102_0102.jpg 1 386 212 102 102
0011_0064_0086_0092_0092.jpg 1 64 86 92 92
0012_0151_0220_0092_0092.jpg 1 151 220 92 92
0013_0321_0208_0048_0048.jpg 1 321 208 48 48
0014_0105_0029_0059_0059.jpg 1 105 29 59 59
0015_0398_0076_0074_0074.jpg 1 398 76 74 74
0016_0284_0245_0058_0058.jpg 1 284 245 58 58
0017_0102_0022_0113_0113.jpg 1 102 22 113 113
0018_0146_0185_0098_0098.jpg 1 146 185 98 98
0019_0119_0082_0057_0057.jpg 1 119 82 57 57
0020_0162_0051_0112_0112.jpg 1 162 51 112 112
0021_0110_0294_0105_0105.jpg 1 110 294 105 105
0022_0322_0068_0061_0061.jpg 1 322 68 61 61
0023_0062_0042_0079_0079.jpg 1 62 42 79 79
0024_0209_0290_0110_0110.jpg 1 209 290 110 110
0025_0149_0282_0105_0105.jpg 1 149 282 105 105
0026_0112_0224_0106_0106.jpg 1 112 224 106 106
0027_0086_0060_0052_0052.jpg 1 86 60 52 52
0028_0208_0111_0107_0107.jpg 1 208 111 107 107
0029_0098_0108_0102_0102.jpg 1 98 108 102 102
0030_0085_0028_0086_0086.jpg 1 85 28 86 86
0031_0413_0145_0109_0109.jpg 1 413 145 109 109
0032_0224_0231_0096_0096.jpg 1 224 231 96 96
0033_0198_0062_0106_0106.jpg 1 198 62 106 106
0034_0112_0124_0084_0084.jpg 1 112 124 84 84
0035_0179_0102_0071_0071.jpg 1 179 102 71 71
0036_0061_0055_0106_0106.jpg 1 61 55 106 106
0037_0168_0137_0098_0098.jpg 1 168 137 98 98
0038_0221_0283_0105_0105.jpg 1 221 283 105 105
0039_0045_0071_0089_0089.jpg 1 45 71 89 89
0040_0036_0030_0055_0055.jpg 1 36 30 55 55
0041_0148_0046_0084_0084.jpg 1 148 46 84 84
0042_0043_0029_0093_0093.jpg 1 43 29 93 93
0043_0122_0059_0061_0061.jpg 1 122 59 61 61
0044_0268_0041_0095_0095.jpg 1 268 41 95 95
0045_0105_0225_0084_0084.jpg 1 105 225 84 84
0046_0068_0406_0077_0077.jpg 1 68 406 77 77
0047_0226_0221_0111_0111.jpg 1 226 221 111 111
0048_0395_0162_0057_0057.jpg 1 395 162 57 57
0049_0055_0148_0048_0048.jpg 1 55 148 48 48
0050_0367_0242_0090_0090.jpg 1 367 242 90 90
0051_0051_0312_0049_0049.jpg 1 51 312 49 49
0052_0086_0025_0069_0069.jpg 1 86 25 69 69
0053_0080_0121_0066_0066.jpg 1 80 121 66 66
0054_0172_0186_0083_0083.jpg 1 172 186 83 83
0055_0169_0046_0095_0095.jpg 1 169 46 95 95
0056_0100_0036_0070_0070.jpg 1 100 36 70 70
0057_0131_0057_0093_0093.jpg 1 131 57 93 93
0058_0058_0109_0055_0055.jpg 1 58 109 55 55
0059_0212_0301_0059_0059.jpg 1 212 301 59 59
0060_0382_0108_0079_0079.jpg 1 382 108 79 79
0061_0277_0233_0108_0108.jpg 1 277 233 108 108
0062_0059_0278_0050_0050.jpg 1 59 278 50 50
0063_0149_0035_0060_0060.jpg 1 149 35 60 60
0064_0092_0079_0080_0080.jpg 1 92 79 80 80
0065_0210_0298_0084_0084.jpg 1 210 298 84 84
0066_0425_0087_0100_0100.jpg 1 425 87 100 100
0067_0234_0074_0089_0089.jpg 1 234 74 89 89
0068_0022_0076_0052_0052.jpg 1 22 76 52 52
0069_0078_0109_0049_0049.jpg 1 78 109 49 49
0070_0414_0178_0057_0057.jpg 1 414 178 57 57
0071_0260_0245_0084_0084.jpg 1 260 245 84 84
0072_0392_0264_0110_0110.jpg 1 392 264 110 110
0073_0155_0216_0081_0081.jpg 1 155 216 81 81
0074_0229_0074_0101_0101.jpg 1 229 74 101 101
0075_0187_0176_0102_0102.jpg 1 187 176 102 102
0076_0064_0066_0112_0112.jpg 1 64 66 112 112
0077_0095_0218_0103_0103.jpg 1 95 218 103 103
0078_0427_0063_0073_0073.jpg 1 427 63 73 73
0079_0006_0095_0109_0109.jpg 1 6 95 109 109
0080_0446_0086_0064_0064.jpg 1 446 86 64 64
0081_0116_0324_0065_0065.jpg 1 116 324 65 65
0082_0161_0245_0107_0107.jpg 1 161 245 107 107
0083_0083_0178_0065_0065.jpg 1 83 178 65 65
0084_0397_0288_0107_0107.jpg 1 397 288 107 107
0085_0416_0064_0080_0080.jpg 1 416 64 80 80
0086_0072_0168_0089_0089.jpg 1 72 168 89 89
0087_0422_0255_0064_0064.jpg 1 422 255 64 64
0088_0147_0205_0055_0055.jpg 1 147 205 55 55
0089_0108_0084_0082_0082.jpg 1 108 84 82 82
0090_0219_0207_0101_0101.jpg 1 219 207 101 101
0091_0251_0212_0079_0079.jpg 1 251 212 79 79
0092_0232_0078_0079_0079.jpg 1 232 78 79 79
0093_0324_0195_0101_0101.jpg 1 324 195 101 101
0094_0120_0058_0090_0090.jpg 1 120 58 90 90
0095_0168_0047_0094_0094.jpg 1 168 47 94 94
0096_0135_0107_0092_0092.jpg 1 135 107 92 92
0097_0334_0203_0104_0104.jpg 1 334 203 104 104
0098_0165_0178_0112_0112.jpg 1 165 178 112 112
0099_0186_0280_0070_0070.jpg 1 186 280 70 70
0100_0056_0079_0077_0077.jpg 1 56 79 77 77
0101_0084_0088_0088_0088.jpg 1 84 88 88 88
0102_0096_0127_0056_0056.jpg 1 96 127 56 56
0103_0022_0024_0059_0059.jpg 1 22 24 59 59
0104_0097_0180_0087_0087.jpg 1 97 180 87 87
0105_0221_0195_0113_0113.jpg 1 221 195 113 113
0106_0063_0109_0091_0091.jpg 1 63 109 91 91
0107_0171_0249_0098_0098.jpg 1 171 249 98 98
0108_0050_0131_0053_0053.jpg 1 50 131 53 53
0109_0087_0041_0101_0101.jpg 1 87 41 101 101
0110_0285_0298_0065_0065.jpg 1 285 298 65 65
0111_0458_0204_0050_0050.jpg 1 458 204 50 50
0112_0083_0114_0086_0086.jpg 1 83 114 86 86
0113_0448_0097_0073_0073.jpg 1 448 97 73 73
0114_0113_0106_0101_0101.jpg 1 113 106 101 101
0115_0056_0125_0072_0072.jpg 1 56 125 72 72
0116_0121_0037_0099_0099.jpg 1 121 37 99 99
0117_0113_0166_0052_0052.jpg 1 113 166 52 52
0118_0106_0088_0072_0072.jpg 1 106 88 72 72
0119_0047_0078_0096_0096.jpg 1 47 78 96 96
0120_0040_0068_0097_0097.jpg 1 40 68 97 97
0121_0174_0155_0087_0087.jpg 1 174 155 87 87
0122_0092_0246_0101_0101.jpg 1 92 246 101 101
0123_0372_0163_0097_0097.jpg 1 372 163 97 97
0124_0227_0069_0064_0064.jpg 1 227 69 64 64
0125_0248_0041_0083_0083.jpg 1 248 41 83 83
0126_0180_0442_0054_0054.jpg 1 180 442 54 54
0127_0256_0257_0070_0070.jpg 1 256 257 70 70
0128_0064_0088_0080_0080.jpg 1 64 88 80 80
