0001_0045_0025_0144_0144_10.jpg 1 45 25 144 144
0002_0043_0078_0096_0096_10.jpg 1 43 78 96 96
0003_0080_0028_0120_0120_10.jpg 1 80 28 120 120
0004_0057_0015_0136_0136_10.jpg 1 57 15 136 136
0005_0046_0068_0116_0116_10.jpg 1 46 68 116 116
0006_0333_0043_0109_0109_10.jpg 1 333 43 109 109
0007_0057_0057_0157_0157_10.jpg 1 57 57 157 157
0008_0393_0256_0069_0069_10.jpg 1 393 256 69 69
0009_0299_0126_0153_0153_10.jpg 1 299 126 153 153
0010_0354_0187_0147_0147_10.jpg 1 354 187 147 147
0011_0051_0089_0127_0127_10.jpg 1 51 89 127 127
0012_0014_0063_0129_0129_10.jpg 1 14 63 129 129
0013_0147_0092_0048_0048_10.jpg 1 147 92 48 48
0014_0155_0094_0068_0068_10.jpg 1 155 94 68 68
0015_0383_0083_0096_0096_10.jpg 1 383 83 96 96
0016_0084_0100_0067_0067_10.jpg 1 84 100 67 67
0017_0087_0013_0166_0166_10.jpg 1 87 13 166 166
0018_0021_0048_0140_0140_10.jpg 1 21 48 140 140
0019_0199_0183_0065_0065_10.jpg 1 199 183 65 65
0020_0122_0030_0164_0164_10.jpg 1 122 30 164 164
0021_0100_0258_0151_0151_10.jpg 1 100 258 151 151
0022_0317_0067_0071_0071_10.jpg 1 317 67 71 71
0023_0138_0119_0105_0105_10.jpg 1 138 119 105 105
0024_0189_0250_0161_0161_10.jpg 1 189 250 161 161
0025_0047_0066_0151_0151_10.jpg 1 47 66 151 151
0026_0005_0036_0153_0153_10.jpg 1 5 36 153 153
0027_0047_0041_0056_0056_10.jpg 1 47 41 56 56
0028_0019_0025_0155_0155_10.jpg 1 19 25 155 155
0029_0081_0073_0146_0146_10.jpg 1 81 73 146 146
0030_0018_0017_0118_0118_10.jpg 1 18 17 118 118
0031_0070_0053_0160_0160_10.jpg 1 70 53 160 160
0032_0076_0063_0135_0135_10.jpg 1 76 63 135 135
0033_0088_0010_0153_0153_10.jpg 1 88 10 153 153
0034_0148_0100_0114_0114_10.jpg 1 148 100 114 114
0035_0165_0103_0091_0091_10.jpg 1 165 103 91 91
0036_0223_0134_0154_0154_10.jpg 1 223 134 154 154
0037_0056_0036_0139_0139_10.jpg 1 56 36 139 139
0038_0099_0047_0151_0151_10.jpg 1 99 47 151 151
0039_0097_0055_0123_0123_10.jpg 1 97 55 123 123
0040_0035_0038_0061_0061_10.jpg 1 35 38 61 61
0041_0152_0037_0114_0114_10.jpg 1 152 37 114 114
0042_0060_0062_0130_0130_10.jpg 1 60 62 130 130
0043_0120_0057_0072_0072_10.jpg 1 120 57 72 72
0044_0249_0043_0134_0134_10.jpg 1 249 43 134 134
0045_0038_0071_0114_0114_10.jpg 1 38 71 114 114
0046_0091_0234_0101_0101_10.jpg 1 91 234 101 101
0047_0067_0042_0163_0163_10.jpg 1 67 42 163 163
0048_0390_0159_0065_0065_10.jpg 1 390 159 65 65
0049_0205_0132_0048_0048_10.jpg 1 205 132 48 48
0050_0344_0257_0124_0124_10.jpg 1 344 257 124 124
0051_0037_0100_0050_0050_10.jpg 1 37 100 50 50
0052_0620_0086_0086_0086_10.jpg 1 620 86 86 86
0053_0033_0046_0082_0082_10.jpg 1 33 46 82 82
0054_0163_0173_0111_0111_10.jpg 1 163 173 111 111
0055_0382_0110_0134_0134_10.jpg 1 382 110 134 134
0056_0224_0101_0089_0089_10.jpg 1 224 101 89 89
0057_0299_0118_0130_0130_10.jpg 1 299 118 130 130
0058_0083_0106_0061_0061_10.jpg 1 83 106 61 61
0059_0092_0103_0068_0068_10.jpg 1 92 103 68 68
0060_0147_0036_0104_0104_10.jpg 1 147 36 104 104
0061_0360_0118_0157_0157_10.jpg 1 360 118 157 157
0062_0023_0121_0053_0053_10.jpg 1 23 121 53 53
0063_0143_0047_0070_0070_10.jpg 1 143 47 70 70
0064_0082_0066_0106_0106_10.jpg 1 82 66 106 106
0065_0077_0071_0115_0115_10.jpg 1 77 71 115 115
0066_0077_0022_0142_0142_10.jpg 1 77 22 142 142
0067_0223_0058_0123_0123_10.jpg 1 223 58 123 123
0068_0119_0172_0056_0056_10.jpg 1 119 172 56 56
0069_0131_0183_0050_0050_10.jpg 1 131 183 50 50
0070_0105_0074_0064_0064_10.jpg 1 105 74 64 64
0071_0171_0377_0114_0114_10.jpg 1 171 377 114 114
0072_0355_0190_0160_0160_10.jpg 1 355 190 160 160
0073_0058_0071_0109_0109_10.jpg 1 58 71 109 109
0074_0075_0007_0144_0144_10.jpg 1 75 7 144 144
0075_0285_0109_0147_0147_10.jpg 1 285 109 147 147
0076_0097_0247_0165_0165_10.jpg 1 97 247 165 165
0077_0089_0196_0148_0148_10.jpg 1 89 196 148 148
0078_0169_0026_0095_0095_10.jpg 1 169 26 95 95
0079_0020_0058_0159_0159_10.jpg 1 20 58 159 159
0080_0187_0033_0078_0078_10.jpg 1 187 33 78 78
0081_0064_0204_0080_0080_10.jpg 1 64 204 80 80
0082_0025_0055_0156_0156_10.jpg 1 25 55 156 156
0083_0048_0035_0078_0078_10.jpg 1 48 35 78 78
0084_0360_0250_0156_0156_10.jpg 1 360 250 156 156
0085_0396_0060_0107_0107_10.jpg 1 396 60 107 107
0086_0068_0181_0123_0123_10.jpg 1 68 181 123 123
0087_0162_0226_0078_0078_10.jpg 1 162 226 78 78
0088_0065_0086_0061_0061_10.jpg 1 65 86 61 61
0089_0121_0018_0111_0111_10.jpg 1 121 18 111 111
0090_0116_0276_0145_0145_10.jpg 1 116 276 145 145
0091_0096_0067_0105_0105_10.jpg 1 96 67 105 105
0092_0225_0064_0105_0105_10.jpg 1 225 64 105 105
0093_0128_0097_0144_0144_10.jpg 1 128 97 144 144
0094_0313_0139_0124_0124_10.jpg 1 313 139 124 124
0095_0333_0073_0132_0132_10.jpg 1 333 73 132 132
0096_0079_0040_0129_0129_10.jpg 1 79 40 129 129
0097_0105_0048_0151_0151_10.jpg 1 105 48 151 151
0098_0048_0006_0164_0164_10.jpg 1 48 6 164 164
0099_0075_0103_0088_0088_10.jpg 1 75 103 88 88
0100_0833_0661_0101_0101_10.jpg 1 833 661 101 101
0101_0072_0083_0122_0122_10.jpg 1 72 83 122 122
0102_0238_0289_0062_0062_10.jpg 1 238 289 62 62
0103_0128_0076_0069_0069_10.jpg 1 128 76 69 69
0104_0026_0039_0120_0120_10.jpg 1 26 39 120 120
0105_0131_0251_0167_0167_10.jpg 1 131 251 167 167
0106_0093_0083_0126_0126_10.jpg 1 93 83 126 126
0107_0160_0226_0140_0140_10.jpg 1 160 226 140 140
0108_0085_0217_0058_0058_10.jpg 1 85 217 58 58
0109_0310_0099_0144_0144_10.jpg 1 310 99 144 144
0110_0119_0115_0080_0080_10.jpg 1 119 115 80 80
0111_0208_0078_0051_0051_10.jpg 1 208 78 51 51
0112_0187_0270_0117_0117_10.jpg 1 187 270 117 117
0113_0432_0092_0093_0093_10.jpg 1 432 92 93 93
0114_0104_0109_0145_0145_10.jpg 1 104 109 145 145
0115_0062_0060_0092_0092_10.jpg 1 62 60 92 92
0116_0098_0033_0141_0141_10.jpg 1 98 33 141 141
0117_0050_0081_0056_0056_10.jpg 1 50 81 56 56
0118_0115_0078_0091_0091_10.jpg 1 115 78 91 91
0119_0045_0079_0135_0135_10.jpg 1 45 79 135 135
0120_0011_0034_0138_0138_10.jpg 1 11 34 138 138
0121_0063_0047_0119_0119_10.jpg 1 63 47 119 119
0122_0084_0218_0145_0145_10.jpg 1 84 218 145 145
0123_0125_0051_0137_0137_10.jpg 1 125 51 137 137
0124_0222_0067_0078_0078_10.jpg 1 222 67 78 78
0125_0143_0018_0113_0113_10.jpg 1 143 18 113 113
0126_0126_0135_0060_0060_10.jpg 1 126 135 60 60
0127_0073_0095_0088_0088_10.jpg 1 73 95 88 88
0128_0145_0232_0107_0107_10.jpg 1 145 232 107 107
