0001_0045_0025_0144_0144_12.jpg 1 45 25 144 144
0002_0043_0078_0096_0096_12.jpg 1 43 78 96 96
0003_0052_0028_0120_0120_12.jpg 1 52 28 120 120
0004_0057_0015_0136_0136_12.jpg 1 57 15 136 136
0005_0026_0068_0116_0116_12.jpg 1 26 68 116 116
0006_0333_0043_0109_0109_12.jpg 1 333 43 109 109
0007_0008_0057_0157_0157_12.jpg 1 8 57 157 157
0008_0393_0256_0069_0069_12.jpg 1 393 256 69 69
0009_0167_0224_0153_0153_12.jpg 1 167 224 153 153
0010_0239_0277_0147_0147_12.jpg 1 239 277 147 147
0011_0296_0365_0127_0127_12.jpg 1 296 365 127 127
0012_0141_0199_0129_0129_12.jpg 1 141 199 129 129
0013_0147_0081_0048_0048_12.jpg 1 147 81 48 48
0014_0244_0067_0068_0068_12.jpg 1 244 67 68 68
0015_0157_0031_0096_0096_12.jpg 1 157 31 96 96
0016_0123_0100_0067_0067_12.jpg 1 123 100 67 67
0017_0269_0056_0166_0166_12.jpg 1 269 56 166 166
0018_0044_0048_0140_0140_12.jpg 1 44 48 140 140
0019_0196_0191_0065_0065_12.jpg 1 196 191 65 65
0020_0122_0030_0164_0164_12.jpg 1 122 30 164 164
0021_0100_0258_0151_0151_12.jpg 1 100 258 151 151
0022_0227_0093_0071_0071_12.jpg 1 227 93 71 71
0023_0138_0119_0105_0105_12.jpg 1 138 119 105 105
0024_0189_0208_0161_0161_12.jpg 1 189 208 161 161
0025_0065_0271_0151_0151_12.jpg 1 65 271 151 151
0026_0006_0036_0153_0153_12.jpg 1 6 36 153 153
0027_0064_0035_0056_0056_12.jpg 1 64 35 56 56
0028_0033_0025_0155_0155_12.jpg 1 33 25 155 155
0029_0081_0073_0146_0146_12.jpg 1 81 73 146 146
0030_0097_0047_0118_0118_12.jpg 1 97 47 118 118
0031_0159_0117_0160_0160_12.jpg 1 159 117 160 160
0032_0211_0179_0135_0135_12.jpg 1 211 179 135 135
0033_0003_0010_0153_0153_12.jpg 1 3 10 153 153
0034_0148_0100_0114_0114_12.jpg 1 148 100 114 114
0035_0395_0270_0091_0091_12.jpg 1 395 270 91 91
0036_0223_0134_0154_0154_12.jpg 1 223 134 154 154
0037_0056_0036_0139_0139_12.jpg 1 56 36 139 139
0038_0288_0174_0151_0151_12.jpg 1 288 174 151 151
0039_0097_0055_0123_0123_12.jpg 1 97 55 123 123
0040_0035_0038_0061_0061_12.jpg 1 35 38 61 61
0041_0152_0037_0114_0114_12.jpg 1 152 37 114 114
0042_0141_0097_0130_0130_12.jpg 1 141 97 130 130
0043_0120_0057_0072_0072_12.jpg 1 120 57 72 72
0044_0249_0043_0134_0134_12.jpg 1 249 43 134 134
0045_0038_0071_0114_0114_12.jpg 1 38 71 114 114
0046_0091_0234_0101_0101_12.jpg 1 91 234 101 101
0047_0203_0189_0163_0163_12.jpg 1 203 189 163 163
0048_0390_0159_0065_0065_12.jpg 1 390 159 65 65
0049_0121_0096_0048_0048_12.jpg 1 121 96 48 48
0050_0237_0372_0124_0124_12.jpg 1 237 372 124 124
0051_0082_0201_0050_0050_12.jpg 1 82 201 50 50
0052_0078_0014_0086_0086_12.jpg 1 78 14 86 86
0053_0078_0116_0082_0082_12.jpg 1 78 116 82 82
0054_0163_0173_0111_0111_12.jpg 1 163 173 111 111
0055_0101_0056_0134_0134_12.jpg 1 101 56 134 134
0056_0224_0101_0089_0089_12.jpg 1 224 101 89 89
0057_0109_0043_0130_0130_12.jpg 1 109 43 130 130
0058_0135_0343_0061_0061_12.jpg 1 135 343 61 61
0059_0092_0109_0068_0068_12.jpg 1 92 109 68 68
0060_0147_0036_0104_0104_12.jpg 1 147 36 104 104
0061_0360_0118_0157_0157_12.jpg 1 360 118 157 157
0062_0012_0121_0053_0053_12.jpg 1 12 121 53 53
0063_0143_0047_0070_0070_12.jpg 1 143 47 70 70
0064_0206_0185_0106_0106_12.jpg 1 206 185 106 106
0065_0077_0094_0115_0115_12.jpg 1 77 94 115 115
0066_0082_0022_0142_0142_12.jpg 1 82 22 142 142
0067_0223_0058_0123_0123_12.jpg 1 223 58 123 123
0068_0119_0172_0056_0056_12.jpg 1 119 172 56 56
0069_0131_0207_0050_0050_12.jpg 1 131 207 50 50
0070_0082_0074_0064_0064_12.jpg 1 82 74 64 64
0071_0246_0262_0114_0114_12.jpg 1 246 262 114 114
0072_0355_0190_0160_0160_12.jpg 1 355 190 160 160
0073_0050_0071_0109_0109_12.jpg 1 50 71 109 109
0074_0075_0003_0144_0144_12.jpg 1 75 3 144 144
0075_0100_0030_0147_0147_12.jpg 1 100 30 147 147
0076_0147_0164_0165_0165_12.jpg 1 147 164 165 165
0077_0030_0053_0148_0148_12.jpg 1 30 53 148 148
0078_0169_0026_0095_0095_12.jpg 1 169 26 95 95
0079_0020_0058_0159_0159_12.jpg 1 20 58 159 159
0080_0435_0084_0078_0078_12.jpg 1 435 84 78 78
0081_0113_0313_0080_0080_12.jpg 1 113 313 80 80
0082_0025_0055_0156_0156_12.jpg 1 25 55 156 156
0083_0014_0050_0078_0078_12.jpg 1 14 50 78 78
0084_0360_0250_0156_0156_12.jpg 1 360 250 156 156
0085_0158_0017_0107_0107_12.jpg 1 158 17 107 107
0086_0068_0154_0123_0123_12.jpg 1 68 154 123 123
0087_0090_0066_0078_0078_12.jpg 1 90 66 78 78
0088_0065_0086_0061_0061_12.jpg 1 65 86 61 61
0089_0122_0084_0111_0111_12.jpg 1 122 84 111 111
0090_0201_0183_0145_0145_12.jpg 1 201 183 145 145
0091_0096_0071_0105_0105_12.jpg 1 96 71 105 105
0092_0089_0026_0105_0105_12.jpg 1 89 26 105 105
0093_0166_0091_0144_0144_12.jpg 1 166 91 144 144
0094_0223_0095_0124_0124_12.jpg 1 223 95 124 124
0095_0270_0023_0132_0132_12.jpg 1 270 23 132 132
0096_0016_0022_0129_0129_12.jpg 1 16 22 129 129
0097_0105_0048_0151_0151_12.jpg 1 105 48 151 151
0098_0023_0036_0164_0164_12.jpg 1 23 36 164 164
0099_0075_0103_0088_0088_12.jpg 1 75 103 88 88
0100_0073_0067_0101_0101_12.jpg 1 73 67 101 101
0101_0072_0083_0122_0122_12.jpg 1 72 83 122 122
0102_0241_0293_0062_0062_12.jpg 1 241 293 62 62
0103_0179_0055_0069_0069_12.jpg 1 179 55 69 69
0104_0011_0039_0120_0120_12.jpg 1 11 39 120 120
0105_0030_0038_0167_0167_12.jpg 1 30 38 167 167
0106_0246_0260_0126_0126_12.jpg 1 246 260 126 126
0107_0109_0331_0140_0140_12.jpg 1 109 331 140 140
0108_0080_0253_0058_0058_12.jpg 1 80 253 58 58
0109_0310_0099_0144_0144_12.jpg 1 310 99 144 144
0110_0277_0287_0080_0080_12.jpg 1 277 287 80 80
0111_0208_0089_0051_0051_12.jpg 1 208 89 51 51
0112_0190_0234_0117_0117_12.jpg 1 190 234 117 117
0113_0305_0131_0093_0093_12.jpg 1 305 131 93 93
0114_0104_0109_0145_0145_12.jpg 1 104 109 145 145
0115_0205_0160_0092_0092_12.jpg 1 205 160 92 92
0116_0278_0116_0141_0141_12.jpg 1 278 116 141 141
0117_0112_0188_0056_0056_12.jpg 1 112 188 56 56
0118_0115_0078_0091_0091_12.jpg 1 115 78 91 91
0119_0030_0058_0135_0135_12.jpg 1 30 58 135 135
0120_0075_0030_0138_0138_12.jpg 1 75 30 138 138
0121_0063_0043_0119_0119_12.jpg 1 63 43 119 119
0122_0084_0218_0145_0145_12.jpg 1 84 218 145 145
0123_0344_0169_0137_0137_12.jpg 1 344 169 137 137
0124_0222_0067_0078_0078_12.jpg 1 222 67 78 78
0125_0164_0035_0113_0113_12.jpg 1 164 35 113 113
0126_0281_0317_0060_0060_12.jpg 1 281 317 60 60
0127_0104_0048_0088_0088_12.jpg 1 104 48 88 88
0128_0057_0081_0107_0107_12.jpg 1 57 81 107 107
