0001_0045_0025_0144_0144_1.jpg 1 45 25 144 144
0002_0043_0078_0096_0096_1.jpg 1 43 78 96 96
0003_0080_0028_0120_0120_1.jpg 1 80 28 120 120
0004_0157_0052_0136_0136_1.jpg 1 157 52 136 136
0005_0019_0068_0116_0116_1.jpg 1 19 68 116 116
0006_0130_0015_0109_0109_1.jpg 1 130 15 109 109
0007_0057_0015_0157_0157_1.jpg 1 57 15 157 157
0008_0393_0256_0069_0069_1.jpg 1 393 256 69 69
0009_0299_0150_0153_0153_1.jpg 1 299 150 153 153
0010_0465_0260_0147_0147_1.jpg 1 465 260 147 147
0011_0104_0305_0127_0127_1.jpg 1 104 305 127 127
0012_0037_0063_0129_0129_1.jpg 1 37 63 129 129
0013_0321_0208_0048_0048_1.jpg 1 321 208 48 48
0014_0107_0028_0068_0068_1.jpg 1 107 28 68 68
0015_0157_0031_0096_0096_1.jpg 1 157 31 96 96
0016_0083_0100_0067_0067_1.jpg 1 83 100 67 67
0017_0087_0013_0166_0166_1.jpg 1 87 13 166 166
0018_0010_0048_0140_0140_1.jpg 1 10 48 140 140
0019_0260_0262_0065_0065_1.jpg 1 260 262 65 65
0020_0122_0030_0164_0164_1.jpg 1 122 30 164 164
0021_0100_0258_0151_0151_1.jpg 1 100 258 151 151
0022_0122_0054_0071_0071_1.jpg 1 122 54 71 71
0023_0016_0027_0105_0105_1.jpg 1 16 27 105 105
0024_0189_0250_0161_0161_1.jpg 1 189 250 161 161
0025_0047_0066_0151_0151_1.jpg 1 47 66 151 151
0026_0146_0137_0153_0153_1.jpg 1 146 137 153 153
0027_0067_0024_0056_0056_1.jpg 1 67 24 56 56
0028_0064_0025_0155_0155_1.jpg 1 64 25 155 155
0029_0235_0266_0146_0146_1.jpg 1 235 266 146 146
0030_0124_0043_0118_0118_1.jpg 1 124 43 118 118
0031_0289_0047_0160_0160_1.jpg 1 289 47 160 160
0032_0076_0047_0135_0135_1.jpg 1 76 47 135 135
0033_0046_0010_0153_0153_1.jpg 1 46 10 153 153
0034_0148_0100_0114_0114_1.jpg 1 148 100 114 114
0035_0165_0103_0091_0091_1.jpg 1 165 103 91 91
0036_0076_0035_0154_0154_1.jpg 1 76 35 154 154
0037_0158_0105_0139_0139_1.jpg 1 158 105 139 139
0038_0288_0174_0151_0151_1.jpg 1 288 174 151 151
0039_0179_0248_0123_0123_1.jpg 1 179 248 123 123
0040_0035_0038_0061_0061_1.jpg 1 35 38 61 61
0041_0152_0037_0114_0114_1.jpg 1 152 37 114 114
0042_0096_0069_0130_0130_1.jpg 1 96 69 130 130
0043_0034_0014_0072_0072_1.jpg 1 34 14 72 72
0044_0091_0011_0134_0134_1.jpg 1 91 11 134 134
0045_0070_0304_0114_0114_1.jpg 1 70 304 114 114
0046_0091_0273_0101_0101_1.jpg 1 91 273 101 101
0047_0040_0046_0163_0163_1.jpg 1 40 46 163 163
0048_0390_0159_0065_0065_1.jpg 1 390 159 65 65
0049_0179_0117_0048_0048_1.jpg 1 179 117 48 48
0050_0344_0257_0124_0124_1.jpg 1 344 257 124 124
0051_0059_0311_0050_0050_1.jpg 1 59 311 50 50
0052_0179_0027_0086_0086_1.jpg 1 179 27 86 86
0053_0019_0046_0082_0082_1.jpg 1 19 46 82 82
0054_0039_0069_0111_0111_1.jpg 1 39 69 111 111
0055_0140_0033_0134_0134_1.jpg 1 140 33 134 134
0056_0061_0038_0089_0089_1.jpg 1 61 38 89 89
0057_0109_0043_0130_0130_1.jpg 1 109 43 130 130
0058_0190_0251_0061_0061_1.jpg 1 190 251 61 61
0059_0049_0123_0068_0068_1.jpg 1 49 123 68 68
0060_0260_0146_0104_0104_1.jpg 1 260 146 104 104
0061_0360_0141_0157_0157_1.jpg 1 360 141 157 157
0062_0026_0121_0053_0053_1.jpg 1 26 121 53 53
0063_0143_0047_0070_0070_1.jpg 1 143 47 70 70
0064_0082_0066_0106_0106_1.jpg 1 82 66 106 106
0065_0117_0396_0115_0115_1.jpg 1 117 396 115 115
0066_0140_0018_0142_0142_1.jpg 1 140 18 142 142
0067_0220_0068_0123_0123_1.jpg 1 220 68 123 123
0068_0119_0172_0056_0056_1.jpg 1 119 172 56 56
0069_0171_0277_0050_0050_1.jpg 1 171 277 50 50
0070_0409_0175_0064_0064_1.jpg 1 409 175 64 64
0071_0096_0090_0114_0114_1.jpg 1 96 90 114 114
0072_0355_0228_0160_0160_1.jpg 1 355 228 160 160
0073_0087_0288_0109_0109_1.jpg 1 87 288 109 109
0074_0211_0066_0144_0144_1.jpg 1 211 66 144 144
0075_0100_0030_0147_0147_1.jpg 1 100 30 147 147
0076_0147_0164_0165_0165_1.jpg 1 147 164 165 165
0077_0030_0053_0148_0148_1.jpg 1 30 53 148 148
0078_0169_0026_0095_0095_1.jpg 1 169 26 95 95
0079_0020_0058_0159_0159_1.jpg 1 20 58 159 159
0080_0435_0084_0078_0078_1.jpg 1 435 84 78 78
0081_0157_0418_0080_0080_1.jpg 1 157 418 80 80
0082_0049_0055_0156_0156_1.jpg 1 49 55 156 156
0083_0024_0050_0078_0078_1.jpg 1 24 50 78 78
0084_0360_0250_0156_0156_1.jpg 1 360 250 156 156
0085_0158_0021_0107_0107_1.jpg 1 158 21 107 107
0086_0014_0058_0123_0123_1.jpg 1 14 58 123 123
0087_0328_0328_0078_0078_1.jpg 1 328 328 78 78
0088_0065_0086_0061_0061_1.jpg 1 65 86 61 61
0089_0361_0198_0111_0111_1.jpg 1 361 198 111 111
0090_0060_0052_0145_0145_1.jpg 1 60 52 145 145
0091_0096_0057_0105_0105_1.jpg 1 96 57 105 105
0092_0089_0026_0105_0105_1.jpg 1 89 26 105 105
0093_0298_0173_0144_0144_1.jpg 1 298 173 144 144
0094_0528_0202_0124_0124_1.jpg 1 528 202 124 124
0095_0060_0021_0132_0132_1.jpg 1 60 21 132 132
0096_0047_0030_0129_0129_1.jpg 1 47 30 129 129
0097_0031_0048_0151_0151_1.jpg 1 31 48 151 151
0098_0149_0126_0164_0164_1.jpg 1 149 126 164 164
0099_0064_0103_0088_0088_1.jpg 1 64 103 88 88
0100_0073_0067_0101_0101_1.jpg 1 73 67 101 101
0101_0072_0083_0122_0122_1.jpg 1 72 83 122 122
0102_0102_0123_0062_0062_1.jpg 1 102 123 62 62
0103_0179_0055_0069_0069_1.jpg 1 179 55 69 69
0104_0128_0099_0120_0120_1.jpg 1 128 99 120 120
0105_0064_0038_0167_0167_1.jpg 1 64 38 167 167
0106_0093_0083_0126_0126_1.jpg 1 93 83 126 126
0107_0057_0065_0140_0140_1.jpg 1 57 65 140 140
0108_0028_0131_0058_0058_1.jpg 1 28 131 58 58
0109_0310_0099_0144_0144_1.jpg 1 310 99 144 144
0110_0119_0115_0080_0080_1.jpg 1 119 115 80 80
0111_0208_0082_0051_0051_1.jpg 1 208 82 51 51
0112_0072_0091_0117_0117_1.jpg 1 72 91 117 117
0113_0135_0035_0093_0093_1.jpg 1 135 35 93 93
0114_0104_0109_0145_0145_1.jpg 1 104 109 145 145
0115_0320_0289_0092_0092_1.jpg 1 320 289 92 92
0116_0054_0033_0141_0141_1.jpg 1 54 33 141 141
0117_0112_0188_0056_0056_1.jpg 1 112 188 56 56
0118_0115_0078_0091_0091_1.jpg 1 115 78 91 91
0119_0118_0187_0135_0135_1.jpg 1 118 187 135 135
0120_0068_0238_0138_0138_1.jpg 1 68 238 138 138
0121_0012_0047_0119_0119_1.jpg 1 12 47 119 119
0122_0051_0141_0145_0145_1.jpg 1 51 141 145 145
0123_0344_0169_0137_0137_1.jpg 1 344 169 137 137
0124_0155_0040_0078_0078_1.jpg 1 155 40 78 78
0125_0234_0038_0113_0113_1.jpg 1 234 38 113 113
0126_0203_0438_0060_0060_1.jpg 1 203 438 60 60
0127_0104_0075_0088_0088_1.jpg 1 104 75 88 88
0128_0057_0081_0107_0107_1.jpg 1 57 81 107 107
