0001_0045_0025_0144_0144_2.jpg 1 45 25 144 144
0002_0043_0078_0096_0096_2.jpg 1 43 78 96 96
0003_0080_0028_0120_0120_2.jpg 1 80 28 120 120
0004_0057_0015_0136_0136_2.jpg 1 57 15 136 136
0005_0012_0068_0116_0116_2.jpg 1 12 68 116 116
0006_0233_0062_0109_0109_2.jpg 1 233 62 109 109
0007_0029_0057_0157_0157_2.jpg 1 29 57 157 157
0008_0393_0256_0069_0069_2.jpg 1 393 256 69 69
0009_0299_0150_0153_0153_2.jpg 1 299 150 153 153
0010_0248_0096_0147_0147_2.jpg 1 248 96 147 147
0011_0175_0207_0127_0127_2.jpg 1 175 207 127 127
0012_0052_0035_0129_0129_2.jpg 1 52 35 129 129
0013_0147_0079_0048_0048_2.jpg 1 147 79 48 48
0014_0244_0067_0068_0068_2.jpg 1 244 67 68 68
0015_0157_0031_0096_0096_2.jpg 1 157 31 96 96
0016_0090_0100_0067_0067_2.jpg 1 90 100 67 67
0017_0087_0013_0166_0166_2.jpg 1 87 13 166 166
0018_0048_0048_0140_0140_2.jpg 1 48 48 140 140
0019_0115_0110_0065_0065_2.jpg 1 115 110 65 65
0020_0122_0030_0164_0164_2.jpg 1 122 30 164 164
0021_0100_0258_0151_0151_2.jpg 1 100 258 151 151
0022_0169_0045_0071_0071_2.jpg 1 169 45 71 71
0023_0078_0082_0105_0105_2.jpg 1 78 82 105 105
0024_0189_0250_0161_0161_2.jpg 1 189 250 161 161
0025_0100_0175_0151_0151_2.jpg 1 100 175 151 151
0026_0050_0036_0153_0153_2.jpg 1 50 36 153 153
0027_0015_0025_0056_0056_2.jpg 1 15 25 56 56
0028_0059_0025_0155_0155_2.jpg 1 59 25 155 155
0029_0235_0266_0146_0146_2.jpg 1 235 266 146 146
0030_0010_0000_0118_0118_2.jpg 1 10 0 118 118
0031_0185_0098_0160_0160_2.jpg 1 185 98 160 160
0032_0076_0045_0135_0135_2.jpg 1 76 45 135 135
0033_0088_0010_0153_0153_2.jpg 1 88 10 153 153
0034_0148_0100_0114_0114_2.jpg 1 148 100 114 114
0035_0165_0103_0091_0091_2.jpg 1 165 103 91 91
0036_0227_0114_0154_0154_2.jpg 1 227 114 154 154
0037_0155_0122_0139_0139_2.jpg 1 155 122 139 139
0038_0059_0047_0151_0151_2.jpg 1 59 47 151 151
0039_0259_0171_0123_0123_2.jpg 1 259 171 123 123
0040_0080_0079_0061_0061_2.jpg 1 80 79 61 61
0041_0152_0037_0114_0114_2.jpg 1 152 37 114 114
0042_0098_0060_0130_0130_2.jpg 1 98 60 130 130
0043_0089_0036_0072_0072_2.jpg 1 89 36 72 72
0044_0091_0013_0134_0134_2.jpg 1 91 13 134 134
0045_0038_0071_0114_0114_2.jpg 1 38 71 114 114
0046_0091_0273_0101_0101_2.jpg 1 91 273 101 101
0047_0067_0046_0163_0163_2.jpg 1 67 46 163 163
0048_0390_0159_0065_0065_2.jpg 1 390 159 65 65
0049_0605_0503_0048_0048_2.jpg 1 605 503 48 48
0050_0344_0257_0124_0124_2.jpg 1 344 257 124 124
0051_0037_0068_0050_0050_2.jpg 1 37 68 50 50
0052_0286_0041_0086_0086_2.jpg 1 286 41 86 86
0053_0033_0046_0082_0082_2.jpg 1 33 46 82 82
0054_0075_0089_0111_0111_2.jpg 1 75 89 111 111
0055_0140_0033_0134_0134_2.jpg 1 140 33 134 134
0056_0060_0038_0089_0089_2.jpg 1 60 38 89 89
0057_0109_0043_0130_0130_2.jpg 1 109 43 130 130
0058_0083_0106_0061_0061_2.jpg 1 83 106 61 61
0059_0092_0123_0068_0068_2.jpg 1 92 123 68 68
0060_0147_0036_0104_0104_2.jpg 1 147 36 104 104
0061_0360_0141_0157_0157_2.jpg 1 360 141 157 157
0062_0026_0121_0053_0053_2.jpg 1 26 121 53 53
0063_0328_0113_0070_0070_2.jpg 1 328 113 70 70
0064_0082_0066_0106_0106_2.jpg 1 82 66 106 106
0065_0117_0396_0115_0115_2.jpg 1 117 396 115 115
0066_0140_0022_0142_0142_2.jpg 1 140 22 142 142
0067_0223_0069_0123_0123_2.jpg 1 223 69 123 123
0068_0119_0172_0056_0056_2.jpg 1 119 172 56 56
0069_0052_0124_0050_0050_2.jpg 1 52 124 50 50
0070_0409_0175_0064_0064_2.jpg 1 409 175 64 64
0071_0246_0262_0114_0114_2.jpg 1 246 262 114 114
0072_0355_0228_0160_0160_2.jpg 1 355 228 160 160
0073_0147_0172_0109_0109_2.jpg 1 147 172 109 109
0074_0143_0097_0144_0144_2.jpg 1 143 97 144 144
0075_0100_0030_0147_0147_2.jpg 1 100 30 147 147
0076_0147_0164_0165_0165_2.jpg 1 147 164 165 165
0077_0060_0289_0148_0148_2.jpg 1 60 289 148 148
0078_0169_0026_0095_0095_2.jpg 1 169 26 95 95
0079_0020_0058_0159_0159_2.jpg 1 20 58 159 159
0080_0435_0084_0078_0078_2.jpg 1 435 84 78 78
0081_0071_0177_0080_0080_2.jpg 1 71 177 80 80
0082_0049_0040_0156_0156_2.jpg 1 49 40 156 156
0083_0032_0050_0078_0078_2.jpg 1 32 50 78 78
0084_0360_0250_0156_0156_2.jpg 1 360 250 156 156
0085_0158_0019_0107_0107_2.jpg 1 158 19 107 107
0086_0014_0058_0123_0123_2.jpg 1 14 58 123 123
0087_0128_0076_0078_0078_2.jpg 1 128 76 78 78
0088_0065_0086_0061_0061_2.jpg 1 65 86 61 61
0089_0367_0172_0111_0111_2.jpg 1 367 172 111 111
0090_0015_0052_0145_0145_2.jpg 1 15 52 145 145
0091_0096_0071_0105_0105_2.jpg 1 96 71 105 105
0092_0157_0106_0105_0105_2.jpg 1 157 106 105 105
0093_0105_0049_0144_0144_2.jpg 1 105 49 144 144
0094_0115_0029_0124_0124_2.jpg 1 115 29 124 124
0095_0184_0113_0132_0132_2.jpg 1 184 113 132 132
0096_0047_0030_0129_0129_2.jpg 1 47 30 129 129
0097_0104_0048_0151_0151_2.jpg 1 104 48 151 151
0098_0149_0126_0164_0164_2.jpg 1 149 126 164 164
0099_0030_0103_0088_0088_2.jpg 1 30 103 88 88
0100_0183_0188_0101_0101_2.jpg 1 183 188 101 101
0101_0072_0083_0122_0122_2.jpg 1 72 83 122 122
0102_0106_0078_0062_0062_2.jpg 1 106 78 62 62
0103_0179_0055_0069_0069_2.jpg 1 179 55 69 69
0104_0049_0039_0120_0120_2.jpg 1 49 39 120 120
0105_0064_0038_0167_0167_2.jpg 1 64 38 167 167
0106_0093_0083_0126_0126_2.jpg 1 93 83 126 126
0107_0160_0226_0140_0140_2.jpg 1 160 226 140 140
0108_0045_0219_0058_0058_2.jpg 1 45 219 58 58
0109_0210_0146_0144_0144_2.jpg 1 210 146 144 144
0110_0119_0115_0080_0080_2.jpg 1 119 115 80 80
0111_0208_0089_0051_0051_2.jpg 1 208 89 51 51
0112_0072_0091_0117_0117_2.jpg 1 72 91 117 117
0113_0179_0035_0093_0093_2.jpg 1 179 35 93 93
0114_0104_0109_0145_0145_2.jpg 1 104 109 145 145
0115_0133_0110_0092_0092_2.jpg 1 133 110 92 92
0116_0098_0012_0141_0141_2.jpg 1 98 12 141 141
0117_0050_0081_0056_0056_2.jpg 1 50 81 56 56
0118_0115_0078_0091_0091_2.jpg 1 115 78 91 91
0119_0043_0056_0135_0135_2.jpg 1 43 56 135 135
0120_0102_0139_0138_0138_2.jpg 1 102 139 138 138
0121_0063_0037_0119_0119_2.jpg 1 63 37 119 119
0122_0036_0102_0145_0145_2.jpg 1 36 102 145 145
0123_0125_0051_0137_0137_2.jpg 1 125 51 137 137
0124_0114_0063_0078_0078_2.jpg 1 114 63 78 78
0125_0163_0055_0113_0113_2.jpg 1 163 55 113 113
0126_0126_0135_0060_0060_2.jpg 1 126 135 60 60
0127_0095_0095_0088_0088_2.jpg 1 95 95 88 88
0128_0145_0232_0107_0107_2.jpg 1 145 232 107 107
