0001_0045_0025_0144_0144_3.jpg 1 45 25 144 144
0002_0043_0078_0096_0096_3.jpg 1 43 78 96 96
0003_0080_0027_0120_0120_3.jpg 1 80 27 120 120
0004_0160_0045_0136_0136_3.jpg 1 160 45 136 136
0005_0056_0068_0116_0116_3.jpg 1 56 68 116 116
0006_0130_0015_0109_0109_3.jpg 1 130 15 109 109
0007_0057_0053_0157_0157_3.jpg 1 57 53 157 157
0008_0203_0242_0069_0069_3.jpg 1 203 242 69 69
0009_0299_0150_0153_0153_3.jpg 1 299 150 153 153
0010_0078_0057_0147_0147_3.jpg 1 78 57 147 147
0011_0175_0207_0127_0127_3.jpg 1 175 207 127 127
0012_0030_0063_0129_0129_3.jpg 1 30 63 129 129
0013_0147_0092_0048_0048_3.jpg 1 147 92 48 48
0014_0107_0028_0068_0068_3.jpg 1 107 28 68 68
0015_0203_0090_0096_0096_3.jpg 1 203 90 96 96
0016_0123_0100_0067_0067_3.jpg 1 123 100 67 67
0017_0087_0013_0166_0166_3.jpg 1 87 13 166 166
0018_0134_0164_0140_0140_3.jpg 1 134 164 140 140
0019_0260_0262_0065_0065_3.jpg 1 260 262 65 65
0020_1900_0523_0164_0164_3.jpg 1 1900 523 164 164
0021_0100_0258_0151_0151_3.jpg 1 100 258 151 151
0022_0176_0060_0071_0071_3.jpg 1 176 60 71 71
0023_0099_0081_0105_0105_3.jpg 1 99 81 105 105
0024_0189_0250_0161_0161_3.jpg 1 189 250 161 161
0025_0047_0066_0151_0151_3.jpg 1 47 66 151 151
0026_0050_0024_0153_0153_3.jpg 1 50 24 153 153
0027_0032_0034_0056_0056_3.jpg 1 32 34 56 56
0028_0064_0025_0155_0155_3.jpg 1 64 25 155 155
0029_0081_0073_0146_0146_3.jpg 1 81 73 146 146
0030_0189_0066_0118_0118_3.jpg 1 189 66 118 118
0031_0373_0125_0160_0160_3.jpg 1 373 125 160 160
0032_0142_0304_0135_0135_3.jpg 1 142 304 135 135
0033_0051_0010_0153_0153_3.jpg 1 51 10 153 153
0034_0148_0100_0114_0114_3.jpg 1 148 100 114 114
0035_0165_0103_0091_0091_3.jpg 1 165 103 91 91
0036_0076_0035_0154_0154_3.jpg 1 76 35 154 154
0037_0056_0036_0139_0139_3.jpg 1 56 36 139 139
0038_0063_0047_0151_0151_3.jpg 1 63 47 151 151
0039_0179_0248_0123_0123_3.jpg 1 179 248 123 123
0040_0080_0079_0061_0061_3.jpg 1 80 79 61 61
0041_0152_0037_0114_0114_3.jpg 1 152 37 114 114
0042_0096_0069_0130_0130_3.jpg 1 96 69 130 130
0043_0083_0043_0072_0072_3.jpg 1 83 43 72 72
0044_0091_0012_0134_0134_3.jpg 1 91 12 134 134
0045_0070_0304_0114_0114_3.jpg 1 70 304 114 114
0046_0091_0234_0101_0101_3.jpg 1 91 234 101 101
0047_0067_0046_0163_0163_3.jpg 1 67 46 163 163
0048_0390_0159_0065_0065_3.jpg 1 390 159 65 65
0049_0295_0227_0048_0048_3.jpg 1 295 227 48 48
0050_0344_0257_0124_0124_3.jpg 1 344 257 124 124
0051_0037_0085_0050_0050_3.jpg 1 37 85 50 50
0052_0253_0059_0086_0086_3.jpg 1 253 59 86 86
0053_0078_0116_0082_0082_3.jpg 1 78 116 82 82
0054_0118_0113_0111_0111_3.jpg 1 118 113 111 111
0055_0285_0079_0134_0134_3.jpg 1 285 79 134 134
0056_0059_0038_0089_0089_3.jpg 1 59 38 89 89
0057_0109_0043_0130_0130_3.jpg 1 109 43 130 130
0058_0187_0248_0061_0061_3.jpg 1 187 248 61 61
0059_0092_0108_0068_0068_3.jpg 1 92 108 68 68
0060_0278_0075_0104_0104_3.jpg 1 278 75 104 104
0061_0360_0141_0157_0157_3.jpg 1 360 141 157 157
0062_0018_0121_0053_0053_3.jpg 1 18 121 53 53
0063_0328_0113_0070_0070_3.jpg 1 328 113 70 70
0064_0082_0066_0106_0106_3.jpg 1 82 66 106 106
0065_0198_0234_0115_0115_3.jpg 1 198 234 115 115
0066_0266_0115_0142_0142_3.jpg 1 266 115 142 142
0067_0083_0022_0123_0123_3.jpg 1 83 22 123 123
0068_0119_0172_0056_0056_3.jpg 1 119 172 56 56
0069_0062_0148_0050_0050_3.jpg 1 62 148 50 50
0070_0409_0175_0064_0064_3.jpg 1 409 175 64 64
0071_0246_0262_0114_0114_3.jpg 1 246 262 114 114
0072_0355_0228_0160_0160_3.jpg 1 355 228 160 160
0073_0147_0172_0109_0109_3.jpg 1 147 172 109 109
0074_0075_0018_0144_0144_3.jpg 1 75 18 144 144
0075_0100_0030_0147_0147_3.jpg 1 100 30 147 147
0076_0147_0164_0165_0165_3.jpg 1 147 164 165 165
0077_0089_0196_0148_0148_3.jpg 1 89 196 148 148
0078_0169_0026_0095_0095_3.jpg 1 169 26 95 95
0079_0020_0058_0159_0159_3.jpg 1 20 58 159 159
0080_0435_0084_0078_0078_3.jpg 1 435 84 78 78
0081_0113_0313_0080_0080_3.jpg 1 113 313 80 80
0082_0043_0055_0156_0156_3.jpg 1 43 55 156 156
0083_0112_0124_0078_0078_3.jpg 1 112 124 78 78
0084_0360_0250_0156_0156_3.jpg 1 360 250 156 156
0085_0158_0016_0107_0107_3.jpg 1 158 16 107 107
0086_0004_0058_0123_0123_3.jpg 1 4 58 123 123
0087_0677_0410_0078_0078_3.jpg 1 677 410 78 78
0088_0065_0086_0061_0061_3.jpg 1 65 86 61 61
0089_0361_0198_0111_0111_3.jpg 1 361 198 111 111
0090_0201_0183_0145_0145_3.jpg 1 201 183 145 145
0091_0033_0071_0105_0105_3.jpg 1 33 71 105 105
0092_0221_0073_0105_0105_3.jpg 1 221 73 105 105
0093_0298_0173_0144_0144_3.jpg 1 298 173 144 144
0094_0096_0092_0124_0124_3.jpg 1 96 92 124 124
0095_0669_0162_0132_0132_3.jpg 1 669 162 132 132
0096_0047_0030_0129_0129_3.jpg 1 47 30 129 129
0097_0105_0035_0151_0151_3.jpg 1 105 35 151 151
0098_0025_0036_0164_0164_3.jpg 1 25 36 164 164
0099_0025_0103_0088_0088_3.jpg 1 25 103 88 88
0100_0128_0267_0101_0101_3.jpg 1 128 267 101 101
0101_0072_0083_0122_0122_3.jpg 1 72 83 122 122
0102_0095_0123_0062_0062_3.jpg 1 95 123 62 62
0103_0179_0055_0069_0069_3.jpg 1 179 55 69 69
0104_0049_0039_0120_0120_3.jpg 1 49 39 120 120
0105_0064_0027_0167_0167_3.jpg 1 64 27 167 167
0106_0250_0225_0126_0126_3.jpg 1 250 225 126 126
0107_0057_0065_0140_0140_3.jpg 1 57 65 140 140
0108_0019_0090_0058_0058_3.jpg 1 19 90 58 58
0109_0310_0099_0144_0144_3.jpg 1 310 99 144 144
0110_0119_0115_0080_0080_3.jpg 1 119 115 80 80
0111_0208_0089_0051_0051_3.jpg 1 208 89 51 51
0112_0072_0091_0117_0117_3.jpg 1 72 91 117 117
0113_0119_0035_0093_0093_3.jpg 1 119 35 93 93
0114_0104_0109_0145_0145_3.jpg 1 104 109 145 145
0115_0325_0253_0092_0092_3.jpg 1 325 253 92 92
0116_0098_0033_0141_0141_3.jpg 1 98 33 141 141
0117_0050_0081_0056_0056_3.jpg 1 50 81 56 56
0118_0115_0078_0091_0091_3.jpg 1 115 78 91 91
0119_0120_0160_0135_0135_3.jpg 1 120 160 135 135
0120_0100_0162_0138_0138_3.jpg 1 100 162 138 138
0121_0063_0016_0119_0119_3.jpg 1 63 16 119 119
0122_0050_0132_0145_0145_3.jpg 1 50 132 145 145
0123_0125_0051_0137_0137_3.jpg 1 125 51 137 137
0124_0120_0029_0078_0078_3.jpg 1 120 29 78 78
0125_0234_0038_0113_0113_3.jpg 1 234 38 113 113
0126_0126_0135_0060_0060_3.jpg 1 126 135 60 60
0127_0035_0095_0088_0088_3.jpg 1 35 95 88 88
0128_0145_0232_0107_0107_3.jpg 1 145 232 107 107
