0001_0045_0025_0144_0144_4.jpg 1 45 25 144 144
0002_0043_0078_0096_0096_4.jpg 1 43 78 96 96
0003_0080_0024_0120_0120_4.jpg 1 80 24 120 120
0004_0057_0015_0136_0136_4.jpg 1 57 15 136 136
0005_0056_0054_0116_0116_4.jpg 1 56 54 116 116
0006_1536_0156_0109_0109_4.jpg 1 1536 156 109 109
0007_0057_0041_0157_0157_4.jpg 1 57 41 157 157
0008_0393_0256_0069_0069_4.jpg 1 393 256 69 69
0009_0299_0126_0153_0153_4.jpg 1 299 126 153 153
0010_0246_0101_0147_0147_4.jpg 1 246 101 147 147
0011_0178_0179_0127_0127_4.jpg 1 178 179 127 127
0012_0028_0063_0129_0129_4.jpg 1 28 63 129 129
0013_0147_0079_0048_0048_4.jpg 1 147 79 48 48
0014_0244_0067_0068_0068_4.jpg 1 244 67 68 68
0015_0389_0073_0096_0096_4.jpg 1 389 73 96 96
0016_0117_0100_0067_0067_4.jpg 1 117 100 67 67
0017_0087_0013_0166_0166_4.jpg 1 87 13 166 166
0018_0012_0048_0140_0140_4.jpg 1 12 48 140 140
0019_0260_0262_0065_0065_4.jpg 1 260 262 65 65
0020_0122_0030_0164_0164_4.jpg 1 122 30 164 164
0021_0100_0258_0151_0151_4.jpg 1 100 258 151 151
0022_0165_0062_0071_0071_4.jpg 1 165 62 71 71
0023_0138_0119_0105_0105_4.jpg 1 138 119 105 105
0024_0189_0250_0161_0161_4.jpg 1 189 250 161 161
0025_0136_0247_0151_0151_4.jpg 1 136 247 151 151
0026_0050_0036_0153_0153_4.jpg 1 50 36 153 153
0027_0057_0043_0056_0056_4.jpg 1 57 43 56 56
0028_0008_0025_0155_0155_4.jpg 1 8 25 155 155
0029_0235_0266_0146_0146_4.jpg 1 235 266 146 146
0030_0135_0044_0118_0118_4.jpg 1 135 44 118 118
0031_0247_0064_0160_0160_4.jpg 1 247 64 160 160
0032_0028_0063_0135_0135_4.jpg 1 28 63 135 135
0033_0046_0010_0153_0153_4.jpg 1 46 10 153 153
0034_0379_0290_0114_0114_4.jpg 1 379 290 114 114
0035_0165_0103_0091_0091_4.jpg 1 165 103 91 91
0036_0223_0134_0154_0154_4.jpg 1 223 134 154 154
0037_0056_0036_0139_0139_4.jpg 1 56 36 139 139
0038_0099_0031_0151_0151_4.jpg 1 99 31 151 151
0039_0097_0055_0123_0123_4.jpg 1 97 55 123 123
0040_0035_0038_0061_0061_4.jpg 1 35 38 61 61
0041_0152_0037_0114_0114_4.jpg 1 152 37 114 114
0042_0098_0060_0130_0130_4.jpg 1 98 60 130 130
0043_0120_0057_0072_0072_4.jpg 1 120 57 72 72
0044_0051_0013_0134_0134_4.jpg 1 51 13 134 134
0045_0070_0304_0114_0114_4.jpg 1 70 304 114 114
0046_0091_0234_0101_0101_4.jpg 1 91 234 101 101
0047_0067_0008_0163_0163_4.jpg 1 67 8 163 163
0048_0390_0159_0065_0065_4.jpg 1 390 159 65 65
0049_0299_0251_0048_0048_4.jpg 1 299 251 48 48
0050_0344_0257_0124_0124_4.jpg 1 344 257 124 124
0051_0026_0100_0050_0050_4.jpg 1 26 100 50 50
0052_0254_0039_0086_0086_4.jpg 1 254 39 86 86
0053_0022_0046_0082_0082_4.jpg 1 22 46 82 82
0054_0269_0270_0111_0111_4.jpg 1 269 270 111 111
0055_0241_0074_0134_0134_4.jpg 1 241 74 134 134
0056_0092_0038_0089_0089_4.jpg 1 92 38 89 89
0057_0109_0043_0130_0130_4.jpg 1 109 43 130 130
0058_0083_0106_0061_0061_4.jpg 1 83 106 61 61
0059_0040_0123_0068_0068_4.jpg 1 40 123 68 68
0060_0147_0036_0104_0104_4.jpg 1 147 36 104 104
0061_0360_0141_0157_0157_4.jpg 1 360 141 157 157
0062_0026_0097_0053_0053_4.jpg 1 26 97 53 53
0063_0239_0160_0070_0070_4.jpg 1 239 160 70 70
0064_0082_0066_0106_0106_4.jpg 1 82 66 106 106
0065_0198_0234_0115_0115_4.jpg 1 198 234 115 115
0066_0120_0022_0142_0142_4.jpg 1 120 22 142 142
0067_0223_0069_0123_0123_4.jpg 1 223 69 123 123
0068_0119_0172_0056_0056_4.jpg 1 119 172 56 56
0069_0124_0152_0050_0050_4.jpg 1 124 152 50 50
0070_0409_0152_0064_0064_4.jpg 1 409 152 64 64
0071_0246_0262_0114_0114_4.jpg 1 246 262 114 114
0072_0355_0228_0160_0160_4.jpg 1 355 228 160 160
0073_0147_0172_0109_0109_4.jpg 1 147 172 109 109
0074_0075_0012_0144_0144_4.jpg 1 75 12 144 144
0075_0100_0030_0147_0147_4.jpg 1 100 30 147 147
0076_0097_0247_0165_0165_4.jpg 1 97 247 165 165
0077_0089_0196_0148_0148_4.jpg 1 89 196 148 148
0078_0169_0026_0095_0095_4.jpg 1 169 26 95 95
0079_0020_0058_0159_0159_4.jpg 1 20 58 159 159
0080_0435_0072_0078_0078_4.jpg 1 435 72 78 78
0081_0073_0132_0080_0080_4.jpg 1 73 132 80 80
0082_0049_0045_0156_0156_4.jpg 1 49 45 156 156
0083_0017_0050_0078_0078_4.jpg 1 17 50 78 78
0084_0360_0250_0156_0156_4.jpg 1 360 250 156 156
0085_0158_0021_0107_0107_4.jpg 1 158 21 107 107
0086_0025_0058_0123_0123_4.jpg 1 25 58 123 123
0087_0306_0168_0078_0078_4.jpg 1 306 168 78 78
0088_0065_0086_0061_0061_4.jpg 1 65 86 61 61
0089_0122_0088_0111_0111_4.jpg 1 122 88 111 111
0090_0055_0052_0145_0145_4.jpg 1 55 52 145 145
0091_0091_0071_0105_0105_4.jpg 1 91 71 105 105
0092_0225_0064_0105_0105_4.jpg 1 225 64 105 105
0093_0422_0224_0144_0144_4.jpg 1 422 224 144 144
0094_0180_0077_0124_0124_4.jpg 1 180 77 124 124
0095_0116_0031_0132_0132_4.jpg 1 116 31 132 132
0096_0086_0141_0129_0129_4.jpg 1 86 141 129 129
0097_0059_0048_0151_0151_4.jpg 1 59 48 151 151
0098_0005_0036_0164_0164_4.jpg 1 5 36 164 164
0099_0045_0103_0088_0088_4.jpg 1 45 103 88 88
0100_0073_0067_0101_0101_4.jpg 1 73 67 101 101
0101_0072_0083_0122_0122_4.jpg 1 72 83 122 122
0102_0064_0123_0062_0062_4.jpg 1 64 123 62 62
0103_0179_0055_0069_0069_4.jpg 1 179 55 69 69
0104_0048_0039_0120_0120_4.jpg 1 48 39 120 120
0105_0030_0038_0167_0167_4.jpg 1 30 38 167 167
0106_0093_0083_0126_0126_4.jpg 1 93 83 126 126
0107_0057_0065_0140_0140_4.jpg 1 57 65 140 140
0108_0088_0202_0058_0058_4.jpg 1 88 202 58 58
0109_0310_0099_0144_0144_4.jpg 1 310 99 144 144
0110_0119_0115_0080_0080_4.jpg 1 119 115 80 80
0111_0146_0089_0051_0051_4.jpg 1 146 89 51 51
0112_0187_0270_0117_0117_4.jpg 1 187 270 117 117
0113_0090_0035_0093_0093_4.jpg 1 90 35 93 93
0114_0070_0161_0145_0145_4.jpg 1 70 161 145 145
0115_0198_0414_0092_0092_4.jpg 1 198 414 92 92
0116_0098_0024_0141_0141_4.jpg 1 98 24 141 141
0117_0050_0081_0056_0056_4.jpg 1 50 81 56 56
0118_0206_0191_0091_0091_4.jpg 1 206 191 91 91
0119_0014_0041_0135_0135_4.jpg 1 14 41 135 135
0120_0058_0242_0138_0138_4.jpg 1 58 242 138 138
0121_0017_0047_0119_0119_4.jpg 1 17 47 119 119
0122_0005_0030_0145_0145_4.jpg 1 5 30 145 145
0123_0125_0051_0137_0137_4.jpg 1 125 51 137 137
0124_0222_0067_0078_0078_4.jpg 1 222 67 78 78
0125_0234_0038_0113_0113_4.jpg 1 234 38 113 113
0126_0126_0135_0060_0060_4.jpg 1 126 135 60 60
0127_0095_0095_0088_0088_4.jpg 1 95 95 88 88
0128_0101_0331_0107_0107_4.jpg 1 101 331 107 107
