0001_0045_0025_0144_0144_5.jpg 1 45 25 144 144
0002_0043_0078_0096_0096_5.jpg 1 43 78 96 96
0003_0209_0084_0120_0120_5.jpg 1 209 84 120 120
0004_0057_0015_0136_0136_5.jpg 1 57 15 136 136
0005_0056_0068_0116_0116_5.jpg 1 56 68 116 116
0006_0130_0015_0109_0109_5.jpg 1 130 15 109 109
0007_0022_0057_0157_0157_5.jpg 1 22 57 157 157
0008_0393_0256_0069_0069_5.jpg 1 393 256 69 69
0009_0299_0126_0153_0153_5.jpg 1 299 126 153 153
0010_0354_0187_0147_0147_5.jpg 1 354 187 147 147
0011_0123_0097_0127_0127_5.jpg 1 123 97 127 127
0012_0052_0063_0129_0129_5.jpg 1 52 63 129 129
0013_0147_0090_0048_0048_5.jpg 1 147 90 48 48
0014_0244_0067_0068_0068_5.jpg 1 244 67 68 68
0015_0157_0031_0096_0096_5.jpg 1 157 31 96 96
0016_0123_0100_0067_0067_5.jpg 1 123 100 67 67
0017_0087_0013_0166_0166_5.jpg 1 87 13 166 166
0018_0048_0048_0140_0140_5.jpg 1 48 48 140 140
0019_0260_0262_0065_0065_5.jpg 1 260 262 65 65
0020_0122_0030_0164_0164_5.jpg 1 122 30 164 164
0021_0100_0258_0151_0151_5.jpg 1 100 258 151 151
0022_0317_0067_0071_0071_5.jpg 1 317 67 71 71
0023_0138_0119_0105_0105_5.jpg 1 138 119 105 105
0024_0189_0250_0161_0161_5.jpg 1 189 250 161 161
0025_0047_0066_0151_0151_5.jpg 1 47 66 151 151
0026_0003_0036_0153_0153_5.jpg 1 3 36 153 153
0027_0023_0035_0056_0056_5.jpg 1 23 35 56 56
0028_0064_0019_0155_0155_5.jpg 1 64 19 155 155
0029_0081_0073_0146_0146_5.jpg 1 81 73 146 146
0030_0205_0064_0118_0118_5.jpg 1 205 64 118 118
0031_0206_0114_0160_0160_5.jpg 1 206 114 160 160
0032_0076_0063_0135_0135_5.jpg 1 76 63 135 135
0033_0088_0010_0153_0153_5.jpg 1 88 10 153 153
0034_0148_0100_0114_0114_5.jpg 1 148 100 114 114
0035_0165_0103_0091_0091_5.jpg 1 165 103 91 91
0036_0076_0035_0154_0154_5.jpg 1 76 35 154 154
0037_0158_0124_0139_0139_5.jpg 1 158 124 139 139
0038_0099_0047_0151_0151_5.jpg 1 99 47 151 151
0039_0097_0055_0123_0123_5.jpg 1 97 55 123 123
0040_0035_0038_0061_0061_5.jpg 1 35 38 61 61
0041_0152_0037_0114_0114_5.jpg 1 152 37 114 114
0042_0043_0064_0130_0130_5.jpg 1 43 64 130 130
0043_0120_0057_0072_0072_5.jpg 1 120 57 72 72
0044_0091_0013_0134_0134_5.jpg 1 91 13 134 134
0045_0038_0071_0114_0114_5.jpg 1 38 71 114 114
0046_0091_0234_0101_0101_5.jpg 1 91 234 101 101
0047_0052_0046_0163_0163_5.jpg 1 52 46 163 163
0048_0390_0159_0065_0065_5.jpg 1 390 159 65 65
0049_0277_0247_0048_0048_5.jpg 1 277 247 48 48
0050_0237_0372_0124_0124_5.jpg 1 237 372 124 124
0051_0082_0230_0050_0050_5.jpg 1 82 230 50 50
0052_0242_0038_0086_0086_5.jpg 1 242 38 86 86
0053_0022_0046_0082_0082_5.jpg 1 22 46 82 82
0054_0078_0169_0111_0111_5.jpg 1 78 169 111 111
0055_0382_0110_0134_0134_5.jpg 1 382 110 134 134
0056_0156_0140_0089_0089_5.jpg 1 156 140 89 89
0057_0109_0043_0130_0130_5.jpg 1 109 43 130 130
0058_0083_0106_0061_0061_5.jpg 1 83 106 61 61
0059_0092_0123_0068_0068_5.jpg 1 92 123 68 68
0060_0147_0036_0104_0104_5.jpg 1 147 36 104 104
0061_0200_0211_0157_0157_5.jpg 1 200 211 157 157
0062_0026_0121_0053_0053_5.jpg 1 26 121 53 53
0063_0143_0047_0070_0070_5.jpg 1 143 47 70 70
0064_0082_0066_0106_0106_5.jpg 1 82 66 106 106
0065_0024_0094_0115_0115_5.jpg 1 24 94 115 115
0066_0014_0022_0142_0142_5.jpg 1 14 22 142 142
0067_0083_0022_0123_0123_5.jpg 1 83 22 123 123
0068_0119_0172_0056_0056_5.jpg 1 119 172 56 56
0069_0102_0080_0050_0050_5.jpg 1 102 80 50 50
0070_0409_0152_0064_0064_5.jpg 1 409 152 64 64
0071_0246_0262_0114_0114_5.jpg 1 246 262 114 114
0072_0355_0228_0160_0160_5.jpg 1 355 228 160 160
0073_0147_0172_0109_0109_5.jpg 1 147 172 109 109
0074_0211_0066_0144_0144_5.jpg 1 211 66 144 144
0075_0100_0030_0147_0147_5.jpg 1 100 30 147 147
0076_0147_0164_0165_0165_5.jpg 1 147 164 165 165
0077_0030_0053_0148_0148_5.jpg 1 30 53 148 148
0078_0169_0026_0095_0095_5.jpg 1 169 26 95 95
0079_0020_0058_0159_0159_5.jpg 1 20 58 159 159
0080_0138_0033_0078_0078_5.jpg 1 138 33 78 78
0081_0083_0241_0080_0080_5.jpg 1 83 241 80 80
0082_0049_0017_0156_0156_5.jpg 1 49 17 156 156
0083_0048_0049_0078_0078_5.jpg 1 48 49 78 78
0084_0360_0250_0156_0156_5.jpg 1 360 250 156 156
0085_0158_0016_0107_0107_5.jpg 1 158 16 107 107
0086_0025_0058_0123_0123_5.jpg 1 25 58 123 123
0087_0412_0246_0078_0078_5.jpg 1 412 246 78 78
0088_0065_0086_0061_0061_5.jpg 1 65 86 61 61
0089_0138_0111_0111_0111_5.jpg 1 138 111 111 111
0090_0071_0052_0145_0145_5.jpg 1 71 52 145 145
0091_0096_0068_0105_0105_5.jpg 1 96 68 105 105
0092_0225_0064_0105_0105_5.jpg 1 225 64 105 105
0093_0028_0011_0144_0144_5.jpg 1 28 11 144 144
0094_0532_0212_0124_0124_5.jpg 1 532 212 124 124
0095_0273_0077_0132_0132_5.jpg 1 273 77 132 132
0096_0074_0143_0129_0129_5.jpg 1 74 143 129 129
0097_0205_0264_0151_0151_5.jpg 1 205 264 151 151
0098_0048_0024_0164_0164_5.jpg 1 48 24 164 164
0099_0075_0101_0088_0088_5.jpg 1 75 101 88 88
0100_0180_0185_0101_0101_5.jpg 1 180 185 101 101
0101_0072_0083_0122_0122_5.jpg 1 72 83 122 122
0102_0071_0123_0062_0062_5.jpg 1 71 123 62 62
0103_0179_0055_0069_0069_5.jpg 1 179 55 69 69
0104_0009_0039_0120_0120_5.jpg 1 9 39 120 120
0105_0064_0030_0167_0167_5.jpg 1 64 30 167 167
0106_0250_0225_0126_0126_5.jpg 1 250 225 126 126
0107_0109_0331_0140_0140_5.jpg 1 109 331 140 140
0108_0035_0103_0058_0058_5.jpg 1 35 103 58 58
0109_0310_0099_0144_0144_5.jpg 1 310 99 144 144
0110_0119_0115_0080_0080_5.jpg 1 119 115 80 80
0111_0208_0088_0051_0051_5.jpg 1 208 88 51 51
0112_0072_0091_0117_0117_5.jpg 1 72 91 117 117
0113_0432_0092_0093_0093_5.jpg 1 432 92 93 93
0114_0070_0161_0145_0145_5.jpg 1 70 161 145 145
0115_0132_0148_0092_0092_5.jpg 1 132 148 92 92
0116_0278_0098_0141_0141_5.jpg 1 278 98 141 141
0117_0050_0081_0056_0056_5.jpg 1 50 81 56 56
0118_0115_0078_0091_0091_5.jpg 1 115 78 91 91
0119_0060_0113_0135_0135_5.jpg 1 60 113 135 135
0120_0102_0139_0138_0138_5.jpg 1 102 139 138 138
0121_0062_0047_0119_0119_5.jpg 1 62 47 119 119
0122_0014_0018_0145_0145_5.jpg 1 14 18 145 145
0123_0125_0051_0137_0137_5.jpg 1 125 51 137 137
0124_0222_0067_0078_0078_5.jpg 1 222 67 78 78
0125_0170_0022_0113_0113_5.jpg 1 170 22 113 113
0126_0126_0135_0060_0060_5.jpg 1 126 135 60 60
0127_0062_0095_0088_0088_5.jpg 1 62 95 88 88
0128_0142_0228_0107_0107_5.jpg 1 142 228 107 107
