0001_0045_0025_0144_0144_6.jpg 1 45 25 144 144
0002_0043_0078_0096_0096_6.jpg 1 43 78 96 96
0003_0080_0028_0120_0120_6.jpg 1 80 28 120 120
0004_0057_0015_0136_0136_6.jpg 1 57 15 136 136
0005_0056_0048_0116_0116_6.jpg 1 56 48 116 116
0006_0130_0015_0109_0109_6.jpg 1 130 15 109 109
0007_0025_0057_0157_0157_6.jpg 1 25 57 157 157
0008_0283_0355_0069_0069_6.jpg 1 283 355 69 69
0009_0299_0126_0153_0153_6.jpg 1 299 126 153 153
0010_0175_0070_0147_0147_6.jpg 1 175 70 147 147
0011_0178_0179_0127_0127_6.jpg 1 178 179 127 127
0012_0141_0199_0129_0129_6.jpg 1 141 199 129 129
0013_0147_0079_0048_0048_6.jpg 1 147 79 48 48
0014_0176_0093_0068_0068_6.jpg 1 176 93 68 68
0015_0157_0031_0096_0096_6.jpg 1 157 31 96 96
0016_0084_0100_0067_0067_6.jpg 1 84 100 67 67
0017_0087_0013_0166_0166_6.jpg 1 87 13 166 166
0018_0012_0048_0140_0140_6.jpg 1 12 48 140 140
0019_0115_0110_0065_0065_6.jpg 1 115 110 65 65
0020_0122_0030_0164_0164_6.jpg 1 122 30 164 164
0021_0100_0258_0151_0151_6.jpg 1 100 258 151 151
0022_0123_0042_0071_0071_6.jpg 1 123 42 71 71
0023_0138_0119_0105_0105_6.jpg 1 138 119 105 105
0024_0189_0208_0161_0161_6.jpg 1 189 208 161 161
0025_0047_0066_0151_0151_6.jpg 1 47 66 151 151
0026_0050_0036_0153_0153_6.jpg 1 50 36 153 153
0027_0024_0019_0056_0056_6.jpg 1 24 19 56 56
0028_0064_0025_0155_0155_6.jpg 1 64 25 155 155
0029_0081_0073_0146_0146_6.jpg 1 81 73 146 146
0030_0062_0051_0118_0118_6.jpg 1 62 51 118 118
0031_0074_0035_0160_0160_6.jpg 1 74 35 160 160
0032_0014_0063_0135_0135_6.jpg 1 14 63 135 135
0033_0013_0010_0153_0153_6.jpg 1 13 10 153 153
0034_0148_0100_0114_0114_6.jpg 1 148 100 114 114
0035_0165_0103_0091_0091_6.jpg 1 165 103 91 91
0036_0076_0035_0154_0154_6.jpg 1 76 35 154 154
0037_0056_0036_0139_0139_6.jpg 1 56 36 139 139
0038_0046_0047_0151_0151_6.jpg 1 46 47 151 151
0039_0097_0055_0123_0123_6.jpg 1 97 55 123 123
0040_0035_0038_0061_0061_6.jpg 1 35 38 61 61
0041_0152_0037_0114_0114_6.jpg 1 152 37 114 114
0042_0098_0060_0130_0130_6.jpg 1 98 60 130 130
0043_0120_0057_0072_0072_6.jpg 1 120 57 72 72
0044_0091_0012_0134_0134_6.jpg 1 91 12 134 134
0045_0038_0071_0114_0114_6.jpg 1 38 71 114 114
0046_0091_0234_0101_0101_6.jpg 1 91 234 101 101
0047_0007_0046_0163_0163_6.jpg 1 7 46 163 163
0048_0390_0159_0065_0065_6.jpg 1 390 159 65 65
0049_0127_0126_0048_0048_6.jpg 1 127 126 48 48
0050_0237_0372_0124_0124_6.jpg 1 237 372 124 124
0051_0037_0100_0050_0050_6.jpg 1 37 100 50 50
0052_0238_0026_0086_0086_6.jpg 1 238 26 86 86
0053_0033_0046_0082_0082_6.jpg 1 33 46 82 82
0054_0003_0035_0111_0111_6.jpg 1 3 35 111 111
0055_0300_0046_0134_0134_6.jpg 1 300 46 134 134
0056_0092_0038_0089_0089_6.jpg 1 92 38 89 89
0057_0109_0043_0130_0130_6.jpg 1 109 43 130 130
0058_0190_0219_0061_0061_6.jpg 1 190 219 61 61
0059_0072_0123_0068_0068_6.jpg 1 72 123 68 68
0060_0147_0036_0104_0104_6.jpg 1 147 36 104 104
0061_0360_0118_0157_0157_6.jpg 1 360 118 157 157
0062_0026_0121_0053_0053_6.jpg 1 26 121 53 53
0063_0143_0047_0070_0070_6.jpg 1 143 47 70 70
0064_0082_0066_0106_0106_6.jpg 1 82 66 106 106
0065_0043_0094_0115_0115_6.jpg 1 43 94 115 115
0066_0140_0022_0142_0142_6.jpg 1 140 22 142 142
0067_0154_0100_0123_0123_6.jpg 1 154 100 123 123
0068_0119_0172_0056_0056_6.jpg 1 119 172 56 56
0069_0079_0276_0050_0050_6.jpg 1 79 276 50 50
0070_0409_0152_0064_0064_6.jpg 1 409 152 64 64
0071_0246_0262_0114_0114_6.jpg 1 246 262 114 114
0072_0355_0228_0160_0160_6.jpg 1 355 228 160 160
0073_0147_0172_0109_0109_6.jpg 1 147 172 109 109
0074_0074_0018_0144_0144_6.jpg 1 74 18 144 144
0075_0100_0030_0147_0147_6.jpg 1 100 30 147 147
0076_0097_0247_0165_0165_6.jpg 1 97 247 165 165
0077_0030_0053_0148_0148_6.jpg 1 30 53 148 148
0078_0169_0026_0095_0095_6.jpg 1 169 26 95 95
0079_0061_0233_0159_0159_6.jpg 1 61 233 159 159
0080_0116_0033_0078_0078_6.jpg 1 116 33 78 78
0081_0033_0086_0080_0080_6.jpg 1 33 86 80 80
0082_0049_0017_0156_0156_6.jpg 1 49 17 156 156
0083_0036_0050_0078_0078_6.jpg 1 36 50 78 78
0084_0360_0250_0156_0156_6.jpg 1 360 250 156 156
0085_0034_0021_0107_0107_6.jpg 1 34 21 107 107
0086_0068_0181_0123_0123_6.jpg 1 68 181 123 123
0087_0100_0143_0078_0078_6.jpg 1 100 143 78 78
0088_0065_0086_0061_0061_6.jpg 1 65 86 61 61
0089_0126_0139_0111_0111_6.jpg 1 126 139 111 111
0090_0043_0052_0145_0145_6.jpg 1 43 52 145 145
0091_0096_0057_0105_0105_6.jpg 1 96 57 105 105
0092_0225_0064_0105_0105_6.jpg 1 225 64 105 105
0093_0475_0243_0144_0144_6.jpg 1 475 243 144 144
0094_0228_0087_0124_0124_6.jpg 1 228 87 124 124
0095_0399_0113_0132_0132_6.jpg 1 399 113 132 132
0096_0125_0096_0129_0129_6.jpg 1 125 96 129 129
0097_0018_0048_0151_0151_6.jpg 1 18 48 151 151
0098_0000_0036_0164_0164_6.jpg 1 0 36 164 164
0099_0049_0103_0088_0088_6.jpg 1 49 103 88 88
0100_0073_0067_0101_0101_6.jpg 1 73 67 101 101
0101_0072_0083_0122_0122_6.jpg 1 72 83 122 122
0102_0030_0123_0062_0062_6.jpg 1 30 123 62 62
0103_0179_0055_0069_0069_6.jpg 1 179 55 69 69
0104_0034_0039_0120_0120_6.jpg 1 34 39 120 120
0105_0064_0030_0167_0167_6.jpg 1 64 30 167 167
0106_0093_0083_0126_0126_6.jpg 1 93 83 126 126
0107_0109_0331_0140_0140_6.jpg 1 109 331 140 140
0108_0065_0126_0058_0058_6.jpg 1 65 126 58 58
0109_0310_0099_0144_0144_6.jpg 1 310 99 144 144
0110_0119_0115_0080_0080_6.jpg 1 119 115 80 80
0111_0208_0060_0051_0051_6.jpg 1 208 60 51 51
0112_0072_0091_0117_0117_6.jpg 1 72 91 117 117
0113_0179_0035_0093_0093_6.jpg 1 179 35 93 93
0114_0070_0161_0145_0145_6.jpg 1 70 161 145 145
0115_0011_0016_0092_0092_6.jpg 1 11 16 92 92
0116_0053_0033_0141_0141_6.jpg 1 53 33 141 141
0117_0112_0188_0056_0056_6.jpg 1 112 188 56 56
0118_0115_0078_0091_0091_6.jpg 1 115 78 91 91
0119_0060_0085_0135_0135_6.jpg 1 60 85 135 135
0120_0100_0162_0138_0138_6.jpg 1 100 162 138 138
0121_0017_0047_0119_0119_6.jpg 1 17 47 119 119
0122_0026_0120_0145_0145_6.jpg 1 26 120 145 145
0123_0125_0051_0137_0137_6.jpg 1 125 51 137 137
0124_0222_0067_0078_0078_6.jpg 1 222 67 78 78
0125_0238_0044_0113_0113_6.jpg 1 238 44 113 113
0126_0126_0135_0060_0060_6.jpg 1 126 135 60 60
0127_0030_0095_0088_0088_6.jpg 1 30 95 88 88
0128_0145_0232_0107_0107_6.jpg 1 145 232 107 107
