0001_0045_0025_0144_0144_8.jpg 1 45 25 144 144
0002_0043_0078_0096_0096_8.jpg 1 43 78 96 96
0003_0209_0084_0120_0120_8.jpg 1 209 84 120 120
0004_0057_0015_0136_0136_8.jpg 1 57 15 136 136
0005_0056_0068_0116_0116_8.jpg 1 56 68 116 116
0006_0130_0015_0109_0109_8.jpg 1 130 15 109 109
0007_0057_0056_0157_0157_8.jpg 1 57 56 157 157
0008_0393_0256_0069_0069_8.jpg 1 393 256 69 69
0009_0299_0126_0153_0153_8.jpg 1 299 126 153 153
0010_0354_0187_0147_0147_8.jpg 1 354 187 147 147
0011_0246_0265_0127_0127_8.jpg 1 246 265 127 127
0012_0020_0063_0129_0129_8.jpg 1 20 63 129 129
0013_0116_0092_0048_0048_8.jpg 1 116 92 48 48
0014_0244_0067_0068_0068_8.jpg 1 244 67 68 68
0015_0157_0031_0096_0096_8.jpg 1 157 31 96 96
0016_0123_0100_0067_0067_8.jpg 1 123 100 67 67
0017_0087_0013_0166_0166_8.jpg 1 87 13 166 166
0018_0048_0036_0140_0140_8.jpg 1 48 36 140 140
0019_0198_0153_0065_0065_8.jpg 1 198 153 65 65
0020_0372_0128_0164_0164_8.jpg 1 372 128 164 164
0021_0100_0258_0151_0151_8.jpg 1 100 258 151 151
0022_0317_0067_0071_0071_8.jpg 1 317 67 71 71
0023_0138_0119_0105_0105_8.jpg 1 138 119 105 105
0024_0189_0250_0161_0161_8.jpg 1 189 250 161 161
0025_0047_0066_0151_0151_8.jpg 1 47 66 151 151
0026_0010_0036_0153_0153_8.jpg 1 10 36 153 153
0027_0025_0021_0056_0056_8.jpg 1 25 21 56 56
0028_0064_0011_0155_0155_8.jpg 1 64 11 155 155
0029_0081_0073_0146_0146_8.jpg 1 81 73 146 146
0030_0066_0060_0118_0118_8.jpg 1 66 60 118 118
0031_0059_0005_0160_0160_8.jpg 1 59 5 160 160
0032_0122_0309_0135_0135_8.jpg 1 122 309 135 135
0033_0088_0003_0153_0153_8.jpg 1 88 3 153 153
0034_0148_0100_0114_0114_8.jpg 1 148 100 114 114
0035_0165_0103_0091_0091_8.jpg 1 165 103 91 91
0036_0076_0035_0154_0154_8.jpg 1 76 35 154 154
0037_0107_0183_0139_0139_8.jpg 1 107 183 139 139
0038_0074_0047_0151_0151_8.jpg 1 74 47 151 151
0039_0097_0055_0123_0123_8.jpg 1 97 55 123 123
0040_0079_0089_0061_0061_8.jpg 1 79 89 61 61
0041_0152_0037_0114_0114_8.jpg 1 152 37 114 114
0042_0006_0021_0130_0130_8.jpg 1 6 21 130 130
0043_0120_0057_0072_0072_8.jpg 1 120 57 72 72
0044_0081_0013_0134_0134_8.jpg 1 81 13 134 134
0045_0101_0211_0114_0114_8.jpg 1 101 211 114 114
0046_0091_0273_0101_0101_8.jpg 1 91 273 101 101
0047_0062_0046_0163_0163_8.jpg 1 62 46 163 163
0048_0390_0159_0065_0065_8.jpg 1 390 159 65 65
0049_0049_0082_0048_0048_8.jpg 1 49 82 48 48
0050_0344_0257_0124_0124_8.jpg 1 344 257 124 124
0051_0081_0227_0050_0050_8.jpg 1 81 227 50 50
0052_0278_0032_0086_0086_8.jpg 1 278 32 86 86
0053_0033_0046_0082_0082_8.jpg 1 33 46 82 82
0054_0048_0046_0111_0111_8.jpg 1 48 46 111 111
0055_0632_0160_0134_0134_8.jpg 1 632 160 134 134
0056_0084_0038_0089_0089_8.jpg 1 84 38 89 89
0057_0109_0043_0130_0130_8.jpg 1 109 43 130 130
0058_0083_0106_0061_0061_8.jpg 1 83 106 61 61
0059_0025_0123_0068_0068_8.jpg 1 25 123 68 68
0060_0147_0036_0104_0104_8.jpg 1 147 36 104 104
0061_0360_0118_0157_0157_8.jpg 1 360 118 157 157
0062_0026_0103_0053_0053_8.jpg 1 26 103 53 53
0063_0332_0100_0070_0070_8.jpg 1 332 100 70 70
0064_0082_0066_0106_0106_8.jpg 1 82 66 106 106
0065_0053_0094_0115_0115_8.jpg 1 53 94 115 115
0066_0085_0022_0142_0142_8.jpg 1 85 22 142 142
0067_0083_0022_0123_0123_8.jpg 1 83 22 123 123
0068_0087_0238_0056_0056_8.jpg 1 87 238 56 56
0069_0241_0366_0050_0050_8.jpg 1 241 366 50 50
0070_0110_0074_0064_0064_8.jpg 1 110 74 64 64
0071_0171_0377_0114_0114_8.jpg 1 171 377 114 114
0072_0355_0228_0160_0160_8.jpg 1 355 228 160 160
0073_0030_0071_0109_0109_8.jpg 1 30 71 109 109
0074_0040_0018_0144_0144_8.jpg 1 40 18 144 144
0075_0100_0030_0147_0147_8.jpg 1 100 30 147 147
0076_0147_0164_0165_0165_8.jpg 1 147 164 165 165
0077_0030_0053_0148_0148_8.jpg 1 30 53 148 148
0078_0416_0060_0095_0095_8.jpg 1 416 60 95 95
0079_0020_0058_0159_0159_8.jpg 1 20 58 159 159
0080_0187_0028_0078_0078_8.jpg 1 187 28 78 78
0081_0043_0218_0080_0080_8.jpg 1 43 218 80 80
0082_0040_0055_0156_0156_8.jpg 1 40 55 156 156
0083_0048_0050_0078_0078_8.jpg 1 48 50 78 78
0084_0360_0250_0156_0156_8.jpg 1 360 250 156 156
0085_0277_0086_0107_0107_8.jpg 1 277 86 107 107
0086_0067_0178_0123_0123_8.jpg 1 67 178 123 123
0087_0223_0168_0078_0078_8.jpg 1 223 168 78 78
0088_0065_0086_0061_0061_8.jpg 1 65 86 61 61
0089_0252_0113_0111_0111_8.jpg 1 252 113 111 111
0090_0024_0052_0145_0145_8.jpg 1 24 52 145 145
0091_0040_0071_0105_0105_8.jpg 1 40 71 105 105
0092_0089_0026_0105_0105_8.jpg 1 89 26 105 105
0093_0121_0116_0144_0144_8.jpg 1 121 116 144 144
0094_0076_0067_0124_0124_8.jpg 1 76 67 124 124
0095_0285_0056_0132_0132_8.jpg 1 285 56 132 132
0096_0047_0030_0129_0129_8.jpg 1 47 30 129 129
0097_0105_0048_0151_0151_8.jpg 1 105 48 151 151
0098_0048_0019_0164_0164_8.jpg 1 48 19 164 164
0099_0068_0103_0088_0088_8.jpg 1 68 103 88 88
0100_0073_0067_0101_0101_8.jpg 1 73 67 101 101
0101_0188_0253_0122_0122_8.jpg 1 188 253 122 122
0102_0101_0123_0062_0062_8.jpg 1 101 123 62 62
0103_0179_0055_0069_0069_8.jpg 1 179 55 69 69
0104_0049_0019_0120_0120_8.jpg 1 49 19 120 120
0105_0064_0008_0167_0167_8.jpg 1 64 8 167 167
0106_0246_0260_0126_0126_8.jpg 1 246 260 126 126
0107_0158_0222_0140_0140_8.jpg 1 158 222 140 140
0108_0048_0100_0058_0058_8.jpg 1 48 100 58 58
0109_0310_0099_0144_0144_8.jpg 1 310 99 144 144
0110_0119_0115_0080_0080_8.jpg 1 119 115 80 80
0111_0156_0089_0051_0051_8.jpg 1 156 89 51 51
0112_0129_0390_0117_0117_8.jpg 1 129 390 117 117
0113_0179_0017_0093_0093_8.jpg 1 179 17 93 93
0114_0036_0030_0145_0145_8.jpg 1 36 30 145 145
0115_0210_0136_0092_0092_8.jpg 1 210 136 92 92
0116_0278_0116_0141_0141_8.jpg 1 278 116 141 141
0117_0085_0123_0056_0056_8.jpg 1 85 123 56 56
0118_0115_0078_0091_0091_8.jpg 1 115 78 91 91
0119_0056_0081_0135_0135_8.jpg 1 56 81 135 135
0120_0072_0078_0138_0138_8.jpg 1 72 78 138 138
0121_0038_0047_0119_0119_8.jpg 1 38 47 119 119
0122_0084_0218_0145_0145_8.jpg 1 84 218 145 145
0123_0125_0051_0137_0137_8.jpg 1 125 51 137 137
0124_0222_0067_0078_0078_8.jpg 1 222 67 78 78
0125_0184_0024_0113_0113_8.jpg 1 184 24 113 113
0126_0126_0135_0060_0060_8.jpg 1 126 135 60 60
0127_0040_0095_0088_0088_8.jpg 1 40 95 88 88
0128_0057_0081_0107_0107_8.jpg 1 57 81 107 107
