positive_v2/0001_0045_0025_0144_0144_1.jpg 1 45 25 144 144
positive_v2/0002_0043_0078_0096_0096_1.jpg 1 43 78 96 96
positive_v2/0003_0080_0028_0120_0120_1.jpg 1 80 28 120 120
positive_v2/0004_0157_0052_0136_0136_1.jpg 1 157 52 136 136
positive_v2/0005_0019_0068_0116_0116_1.jpg 1 19 68 116 116
positive_v2/0006_0130_0015_0109_0109_1.jpg 1 130 15 109 109
positive_v2/0007_0057_0015_0157_0157_1.jpg 1 57 15 157 157
positive_v2/0008_0393_0256_0069_0069_1.jpg 1 393 256 69 69
positive_v2/0009_0299_0150_0153_0153_1.jpg 1 299 150 153 153
positive_v2/0010_0465_0260_0147_0147_1.jpg 1 465 260 147 147
positive_v2/0011_0104_0305_0127_0127_1.jpg 1 104 305 127 127
positive_v2/0012_0037_0063_0129_0129_1.jpg 1 37 63 129 129
positive_v2/0013_0321_0208_0048_0048_1.jpg 1 321 208 48 48
positive_v2/0014_0107_0028_0068_0068_1.jpg 1 107 28 68 68
positive_v2/0015_0157_0031_0096_0096_1.jpg 1 157 31 96 96
positive_v2/0016_0083_0100_0067_0067_1.jpg 1 83 100 67 67
positive_v2/0017_0087_0013_0166_0166_1.jpg 1 87 13 166 166
positive_v2/0018_0010_0048_0140_0140_1.jpg 1 10 48 140 140
positive_v2/0019_0260_0262_0065_0065_1.jpg 1 260 262 65 65
positive_v2/0020_0122_0030_0164_0164_1.jpg 1 122 30 164 164
positive_v2/0021_0100_0258_0151_0151_1.jpg 1 100 258 151 151
positive_v2/0022_0122_0054_0071_0071_1.jpg 1 122 54 71 71
positive_v2/0023_0016_0027_0105_0105_1.jpg 1 16 27 105 105
positive_v2/0024_0189_0250_0161_0161_1.jpg 1 189 250 161 161
positive_v2/0025_0047_0066_0151_0151_1.jpg 1 47 66 151 151
positive_v2/0026_0146_0137_0153_0153_1.jpg 1 146 137 153 153
positive_v2/0027_0067_0024_0056_0056_1.jpg 1 67 24 56 56
positive_v2/0028_0064_0025_0155_0155_1.jpg 1 64 25 155 155
positive_v2/0029_0235_0266_0146_0146_1.jpg 1 235 266 146 146
positive_v2/0030_0124_0043_0118_0118_1.jpg 1 124 43 118 118
positive_v2/0031_0289_0047_0160_0160_1.jpg 1 289 47 160 160
positive_v2/0032_0076_0047_0135_0135_1.jpg 1 76 47 135 135
positive_v2/0033_0046_0010_0153_0153_1.jpg 1 46 10 153 153
positive_v2/0034_0148_0100_0114_0114_1.jpg 1 148 100 114 114
positive_v2/0035_0165_0103_0091_0091_1.jpg 1 165 103 91 91
positive_v2/0036_0076_0035_0154_0154_1.jpg 1 76 35 154 154
positive_v2/0037_0158_0105_0139_0139_1.jpg 1 158 105 139 139
positive_v2/0038_0288_0174_0151_0151_1.jpg 1 288 174 151 151
positive_v2/0039_0179_0248_0123_0123_1.jpg 1 179 248 123 123
positive_v2/0040_0035_0038_0061_0061_1.jpg 1 35 38 61 61
positive_v2/0041_0152_0037_0114_0114_1.jpg 1 152 37 114 114
positive_v2/0042_0096_0069_0130_0130_1.jpg 1 96 69 130 130
positive_v2/0043_0034_0014_0072_0072_1.jpg 1 34 14 72 72
positive_v2/0044_0091_0011_0134_0134_1.jpg 1 91 11 134 134
positive_v2/0045_0070_0304_0114_0114_1.jpg 1 70 304 114 114
positive_v2/0046_0091_0273_0101_0101_1.jpg 1 91 273 101 101
positive_v2/0047_0040_0046_0163_0163_1.jpg 1 40 46 163 163
positive_v2/0048_0390_0159_0065_0065_1.jpg 1 390 159 65 65
positive_v2/0049_0179_0117_0048_0048_1.jpg 1 179 117 48 48
positive_v2/0050_0344_0257_0124_0124_1.jpg 1 344 257 124 124
positive_v2/0051_0059_0311_0050_0050_1.jpg 1 59 311 50 50
positive_v2/0052_0179_0027_0086_0086_1.jpg 1 179 27 86 86
positive_v2/0053_0019_0046_0082_0082_1.jpg 1 19 46 82 82
positive_v2/0054_0039_0069_0111_0111_1.jpg 1 39 69 111 111
positive_v2/0055_0140_0033_0134_0134_1.jpg 1 140 33 134 134
positive_v2/0056_0061_0038_0089_0089_1.jpg 1 61 38 89 89
positive_v2/0057_0109_0043_0130_0130_1.jpg 1 109 43 130 130
positive_v2/0058_0190_0251_0061_0061_1.jpg 1 190 251 61 61
positive_v2/0059_0049_0123_0068_0068_1.jpg 1 49 123 68 68
positive_v2/0060_0260_0146_0104_0104_1.jpg 1 260 146 104 104
positive_v2/0061_0360_0141_0157_0157_1.jpg 1 360 141 157 157
positive_v2/0062_0026_0121_0053_0053_1.jpg 1 26 121 53 53
positive_v2/0063_0143_0047_0070_0070_1.jpg 1 143 47 70 70
positive_v2/0064_0082_0066_0106_0106_1.jpg 1 82 66 106 106
positive_v2/0065_0117_0396_0115_0115_1.jpg 1 117 396 115 115
positive_v2/0066_0140_0018_0142_0142_1.jpg 1 140 18 142 142
positive_v2/0067_0220_0068_0123_0123_1.jpg 1 220 68 123 123
positive_v2/0068_0119_0172_0056_0056_1.jpg 1 119 172 56 56
positive_v2/0069_0171_0277_0050_0050_1.jpg 1 171 277 50 50
positive_v2/0070_0409_0175_0064_0064_1.jpg 1 409 175 64 64
positive_v2/0071_0096_0090_0114_0114_1.jpg 1 96 90 114 114
positive_v2/0072_0355_0228_0160_0160_1.jpg 1 355 228 160 160
positive_v2/0073_0087_0288_0109_0109_1.jpg 1 87 288 109 109
positive_v2/0074_0211_0066_0144_0144_1.jpg 1 211 66 144 144
positive_v2/0075_0100_0030_0147_0147_1.jpg 1 100 30 147 147
positive_v2/0076_0147_0164_0165_0165_1.jpg 1 147 164 165 165
positive_v2/0077_0030_0053_0148_0148_1.jpg 1 30 53 148 148
positive_v2/0078_0169_0026_0095_0095_1.jpg 1 169 26 95 95
positive_v2/0079_0020_0058_0159_0159_1.jpg 1 20 58 159 159
positive_v2/0080_0435_0084_0078_0078_1.jpg 1 435 84 78 78
positive_v2/0081_0157_0418_0080_0080_1.jpg 1 157 418 80 80
positive_v2/0082_0049_0055_0156_0156_1.jpg 1 49 55 156 156
positive_v2/0083_0024_0050_0078_0078_1.jpg 1 24 50 78 78
positive_v2/0084_0360_0250_0156_0156_1.jpg 1 360 250 156 156
positive_v2/0085_0158_0021_0107_0107_1.jpg 1 158 21 107 107
positive_v2/0086_0014_0058_0123_0123_1.jpg 1 14 58 123 123
positive_v2/0087_0328_0328_0078_0078_1.jpg 1 328 328 78 78
positive_v2/0088_0065_0086_0061_0061_1.jpg 1 65 86 61 61
positive_v2/0089_0361_0198_0111_0111_1.jpg 1 361 198 111 111
positive_v2/0090_0060_0052_0145_0145_1.jpg 1 60 52 145 145
positive_v2/0091_0096_0057_0105_0105_1.jpg 1 96 57 105 105
positive_v2/0092_0089_0026_0105_0105_1.jpg 1 89 26 105 105
positive_v2/0093_0298_0173_0144_0144_1.jpg 1 298 173 144 144
positive_v2/0094_0528_0202_0124_0124_1.jpg 1 528 202 124 124
positive_v2/0095_0060_0021_0132_0132_1.jpg 1 60 21 132 132
positive_v2/0096_0047_0030_0129_0129_1.jpg 1 47 30 129 129
positive_v2/0097_0031_0048_0151_0151_1.jpg 1 31 48 151 151
positive_v2/0098_0149_0126_0164_0164_1.jpg 1 149 126 164 164
positive_v2/0099_0064_0103_0088_0088_1.jpg 1 64 103 88 88
positive_v2/0100_0073_0067_0101_0101_1.jpg 1 73 67 101 101
positive_v2/0101_0072_0083_0122_0122_1.jpg 1 72 83 122 122
positive_v2/0102_0102_0123_0062_0062_1.jpg 1 102 123 62 62
positive_v2/0103_0179_0055_0069_0069_1.jpg 1 179 55 69 69
positive_v2/0104_0128_0099_0120_0120_1.jpg 1 128 99 120 120
positive_v2/0105_0064_0038_0167_0167_1.jpg 1 64 38 167 167
positive_v2/0106_0093_0083_0126_0126_1.jpg 1 93 83 126 126
positive_v2/0107_0057_0065_0140_0140_1.jpg 1 57 65 140 140
positive_v2/0108_0028_0131_0058_0058_1.jpg 1 28 131 58 58
positive_v2/0109_0310_0099_0144_0144_1.jpg 1 310 99 144 144
positive_v2/0110_0119_0115_0080_0080_1.jpg 1 119 115 80 80
positive_v2/0111_0208_0082_0051_0051_1.jpg 1 208 82 51 51
positive_v2/0112_0072_0091_0117_0117_1.jpg 1 72 91 117 117
positive_v2/0113_0135_0035_0093_0093_1.jpg 1 135 35 93 93
positive_v2/0114_0104_0109_0145_0145_1.jpg 1 104 109 145 145
positive_v2/0115_0320_0289_0092_0092_1.jpg 1 320 289 92 92
positive_v2/0116_0054_0033_0141_0141_1.jpg 1 54 33 141 141
positive_v2/0117_0112_0188_0056_0056_1.jpg 1 112 188 56 56
positive_v2/0118_0115_0078_0091_0091_1.jpg 1 115 78 91 91
positive_v2/0119_0118_0187_0135_0135_1.jpg 1 118 187 135 135
positive_v2/0120_0068_0238_0138_0138_1.jpg 1 68 238 138 138
positive_v2/0121_0012_0047_0119_0119_1.jpg 1 12 47 119 119
positive_v2/0122_0051_0141_0145_0145_1.jpg 1 51 141 145 145
positive_v2/0123_0344_0169_0137_0137_1.jpg 1 344 169 137 137
positive_v2/0124_0155_0040_0078_0078_1.jpg 1 155 40 78 78
positive_v2/0125_0234_0038_0113_0113_1.jpg 1 234 38 113 113
positive_v2/0126_0203_0438_0060_0060_1.jpg 1 203 438 60 60
positive_v2/0127_0104_0075_0088_0088_1.jpg 1 104 75 88 88
positive_v2/0128_0057_0081_0107_0107_1.jpg 1 57 81 107 107
positive_v2/0001_0045_0025_0144_0144_2.jpg 1 45 25 144 144
positive_v2/0002_0043_0078_0096_0096_2.jpg 1 43 78 96 96
positive_v2/0003_0080_0028_0120_0120_2.jpg 1 80 28 120 120
positive_v2/0004_0057_0015_0136_0136_2.jpg 1 57 15 136 136
positive_v2/0005_0012_0068_0116_0116_2.jpg 1 12 68 116 116
positive_v2/0006_0233_0062_0109_0109_2.jpg 1 233 62 109 109
positive_v2/0007_0029_0057_0157_0157_2.jpg 1 29 57 157 157
positive_v2/0008_0393_0256_0069_0069_2.jpg 1 393 256 69 69
positive_v2/0009_0299_0150_0153_0153_2.jpg 1 299 150 153 153
positive_v2/0010_0248_0096_0147_0147_2.jpg 1 248 96 147 147
positive_v2/0011_0175_0207_0127_0127_2.jpg 1 175 207 127 127
positive_v2/0012_0052_0035_0129_0129_2.jpg 1 52 35 129 129
positive_v2/0013_0147_0079_0048_0048_2.jpg 1 147 79 48 48
positive_v2/0014_0244_0067_0068_0068_2.jpg 1 244 67 68 68
positive_v2/0015_0157_0031_0096_0096_2.jpg 1 157 31 96 96
positive_v2/0016_0090_0100_0067_0067_2.jpg 1 90 100 67 67
positive_v2/0017_0087_0013_0166_0166_2.jpg 1 87 13 166 166
positive_v2/0018_0048_0048_0140_0140_2.jpg 1 48 48 140 140
positive_v2/0019_0115_0110_0065_0065_2.jpg 1 115 110 65 65
positive_v2/0020_0122_0030_0164_0164_2.jpg 1 122 30 164 164
positive_v2/0021_0100_0258_0151_0151_2.jpg 1 100 258 151 151
positive_v2/0022_0169_0045_0071_0071_2.jpg 1 169 45 71 71
positive_v2/0023_0078_0082_0105_0105_2.jpg 1 78 82 105 105
positive_v2/0024_0189_0250_0161_0161_2.jpg 1 189 250 161 161
positive_v2/0025_0100_0175_0151_0151_2.jpg 1 100 175 151 151
positive_v2/0026_0050_0036_0153_0153_2.jpg 1 50 36 153 153
positive_v2/0027_0015_0025_0056_0056_2.jpg 1 15 25 56 56
positive_v2/0028_0059_0025_0155_0155_2.jpg 1 59 25 155 155
positive_v2/0029_0235_0266_0146_0146_2.jpg 1 235 266 146 146
positive_v2/0030_0010_0000_0118_0118_2.jpg 1 10 0 118 118
positive_v2/0031_0185_0098_0160_0160_2.jpg 1 185 98 160 160
positive_v2/0032_0076_0045_0135_0135_2.jpg 1 76 45 135 135
positive_v2/0033_0088_0010_0153_0153_2.jpg 1 88 10 153 153
positive_v2/0034_0148_0100_0114_0114_2.jpg 1 148 100 114 114
positive_v2/0035_0165_0103_0091_0091_2.jpg 1 165 103 91 91
positive_v2/0036_0227_0114_0154_0154_2.jpg 1 227 114 154 154
positive_v2/0037_0155_0122_0139_0139_2.jpg 1 155 122 139 139
positive_v2/0038_0059_0047_0151_0151_2.jpg 1 59 47 151 151
positive_v2/0039_0259_0171_0123_0123_2.jpg 1 259 171 123 123
positive_v2/0040_0080_0079_0061_0061_2.jpg 1 80 79 61 61
positive_v2/0041_0152_0037_0114_0114_2.jpg 1 152 37 114 114
positive_v2/0042_0098_0060_0130_0130_2.jpg 1 98 60 130 130
positive_v2/0043_0089_0036_0072_0072_2.jpg 1 89 36 72 72
positive_v2/0044_0091_0013_0134_0134_2.jpg 1 91 13 134 134
positive_v2/0045_0038_0071_0114_0114_2.jpg 1 38 71 114 114
positive_v2/0046_0091_0273_0101_0101_2.jpg 1 91 273 101 101
positive_v2/0047_0067_0046_0163_0163_2.jpg 1 67 46 163 163
positive_v2/0048_0390_0159_0065_0065_2.jpg 1 390 159 65 65
positive_v2/0049_0605_0503_0048_0048_2.jpg 1 605 503 48 48
positive_v2/0050_0344_0257_0124_0124_2.jpg 1 344 257 124 124
positive_v2/0051_0037_0068_0050_0050_2.jpg 1 37 68 50 50
positive_v2/0052_0286_0041_0086_0086_2.jpg 1 286 41 86 86
positive_v2/0053_0033_0046_0082_0082_2.jpg 1 33 46 82 82
positive_v2/0054_0075_0089_0111_0111_2.jpg 1 75 89 111 111
positive_v2/0055_0140_0033_0134_0134_2.jpg 1 140 33 134 134
positive_v2/0056_0060_0038_0089_0089_2.jpg 1 60 38 89 89
positive_v2/0057_0109_0043_0130_0130_2.jpg 1 109 43 130 130
positive_v2/0058_0083_0106_0061_0061_2.jpg 1 83 106 61 61
positive_v2/0059_0092_0123_0068_0068_2.jpg 1 92 123 68 68
positive_v2/0060_0147_0036_0104_0104_2.jpg 1 147 36 104 104
positive_v2/0061_0360_0141_0157_0157_2.jpg 1 360 141 157 157
positive_v2/0062_0026_0121_0053_0053_2.jpg 1 26 121 53 53
positive_v2/0063_0328_0113_0070_0070_2.jpg 1 328 113 70 70
positive_v2/0064_0082_0066_0106_0106_2.jpg 1 82 66 106 106
positive_v2/0065_0117_0396_0115_0115_2.jpg 1 117 396 115 115
positive_v2/0066_0140_0022_0142_0142_2.jpg 1 140 22 142 142
positive_v2/0067_0223_0069_0123_0123_2.jpg 1 223 69 123 123
positive_v2/0068_0119_0172_0056_0056_2.jpg 1 119 172 56 56
positive_v2/0069_0052_0124_0050_0050_2.jpg 1 52 124 50 50
positive_v2/0070_0409_0175_0064_0064_2.jpg 1 409 175 64 64
positive_v2/0071_0246_0262_0114_0114_2.jpg 1 246 262 114 114
positive_v2/0072_0355_0228_0160_0160_2.jpg 1 355 228 160 160
positive_v2/0073_0147_0172_0109_0109_2.jpg 1 147 172 109 109
positive_v2/0074_0143_0097_0144_0144_2.jpg 1 143 97 144 144
positive_v2/0075_0100_0030_0147_0147_2.jpg 1 100 30 147 147
positive_v2/0076_0147_0164_0165_0165_2.jpg 1 147 164 165 165
positive_v2/0077_0060_0289_0148_0148_2.jpg 1 60 289 148 148
positive_v2/0078_0169_0026_0095_0095_2.jpg 1 169 26 95 95
positive_v2/0079_0020_0058_0159_0159_2.jpg 1 20 58 159 159
positive_v2/0080_0435_0084_0078_0078_2.jpg 1 435 84 78 78
positive_v2/0081_0071_0177_0080_0080_2.jpg 1 71 177 80 80
positive_v2/0082_0049_0040_0156_0156_2.jpg 1 49 40 156 156
positive_v2/0083_0032_0050_0078_0078_2.jpg 1 32 50 78 78
positive_v2/0084_0360_0250_0156_0156_2.jpg 1 360 250 156 156
positive_v2/0085_0158_0019_0107_0107_2.jpg 1 158 19 107 107
positive_v2/0086_0014_0058_0123_0123_2.jpg 1 14 58 123 123
positive_v2/0087_0128_0076_0078_0078_2.jpg 1 128 76 78 78
positive_v2/0088_0065_0086_0061_0061_2.jpg 1 65 86 61 61
positive_v2/0089_0367_0172_0111_0111_2.jpg 1 367 172 111 111
positive_v2/0090_0015_0052_0145_0145_2.jpg 1 15 52 145 145
positive_v2/0091_0096_0071_0105_0105_2.jpg 1 96 71 105 105
positive_v2/0092_0157_0106_0105_0105_2.jpg 1 157 106 105 105
positive_v2/0093_0105_0049_0144_0144_2.jpg 1 105 49 144 144
positive_v2/0094_0115_0029_0124_0124_2.jpg 1 115 29 124 124
positive_v2/0095_0184_0113_0132_0132_2.jpg 1 184 113 132 132
positive_v2/0096_0047_0030_0129_0129_2.jpg 1 47 30 129 129
positive_v2/0097_0104_0048_0151_0151_2.jpg 1 104 48 151 151
positive_v2/0098_0149_0126_0164_0164_2.jpg 1 149 126 164 164
positive_v2/0099_0030_0103_0088_0088_2.jpg 1 30 103 88 88
positive_v2/0100_0183_0188_0101_0101_2.jpg 1 183 188 101 101
positive_v2/0101_0072_0083_0122_0122_2.jpg 1 72 83 122 122
positive_v2/0102_0106_0078_0062_0062_2.jpg 1 106 78 62 62
positive_v2/0103_0179_0055_0069_0069_2.jpg 1 179 55 69 69
positive_v2/0104_0049_0039_0120_0120_2.jpg 1 49 39 120 120
positive_v2/0105_0064_0038_0167_0167_2.jpg 1 64 38 167 167
positive_v2/0106_0093_0083_0126_0126_2.jpg 1 93 83 126 126
positive_v2/0107_0160_0226_0140_0140_2.jpg 1 160 226 140 140
positive_v2/0108_0045_0219_0058_0058_2.jpg 1 45 219 58 58
positive_v2/0109_0210_0146_0144_0144_2.jpg 1 210 146 144 144
positive_v2/0110_0119_0115_0080_0080_2.jpg 1 119 115 80 80
positive_v2/0111_0208_0089_0051_0051_2.jpg 1 208 89 51 51
positive_v2/0112_0072_0091_0117_0117_2.jpg 1 72 91 117 117
positive_v2/0113_0179_0035_0093_0093_2.jpg 1 179 35 93 93
positive_v2/0114_0104_0109_0145_0145_2.jpg 1 104 109 145 145
positive_v2/0115_0133_0110_0092_0092_2.jpg 1 133 110 92 92
positive_v2/0116_0098_0012_0141_0141_2.jpg 1 98 12 141 141
positive_v2/0117_0050_0081_0056_0056_2.jpg 1 50 81 56 56
positive_v2/0118_0115_0078_0091_0091_2.jpg 1 115 78 91 91
positive_v2/0119_0043_0056_0135_0135_2.jpg 1 43 56 135 135
positive_v2/0120_0102_0139_0138_0138_2.jpg 1 102 139 138 138
positive_v2/0121_0063_0037_0119_0119_2.jpg 1 63 37 119 119
positive_v2/0122_0036_0102_0145_0145_2.jpg 1 36 102 145 145
positive_v2/0123_0125_0051_0137_0137_2.jpg 1 125 51 137 137
positive_v2/0124_0114_0063_0078_0078_2.jpg 1 114 63 78 78
positive_v2/0125_0163_0055_0113_0113_2.jpg 1 163 55 113 113
positive_v2/0126_0126_0135_0060_0060_2.jpg 1 126 135 60 60
positive_v2/0127_0095_0095_0088_0088_2.jpg 1 95 95 88 88
positive_v2/0128_0145_0232_0107_0107_2.jpg 1 145 232 107 107
positive_v2/0001_0045_0025_0144_0144_3.jpg 1 45 25 144 144
positive_v2/0002_0043_0078_0096_0096_3.jpg 1 43 78 96 96
positive_v2/0003_0080_0027_0120_0120_3.jpg 1 80 27 120 120
positive_v2/0004_0160_0045_0136_0136_3.jpg 1 160 45 136 136
positive_v2/0005_0056_0068_0116_0116_3.jpg 1 56 68 116 116
positive_v2/0006_0130_0015_0109_0109_3.jpg 1 130 15 109 109
positive_v2/0007_0057_0053_0157_0157_3.jpg 1 57 53 157 157
positive_v2/0008_0203_0242_0069_0069_3.jpg 1 203 242 69 69
positive_v2/0009_0299_0150_0153_0153_3.jpg 1 299 150 153 153
positive_v2/0010_0078_0057_0147_0147_3.jpg 1 78 57 147 147
positive_v2/0011_0175_0207_0127_0127_3.jpg 1 175 207 127 127
positive_v2/0012_0030_0063_0129_0129_3.jpg 1 30 63 129 129
positive_v2/0013_0147_0092_0048_0048_3.jpg 1 147 92 48 48
positive_v2/0014_0107_0028_0068_0068_3.jpg 1 107 28 68 68
positive_v2/0015_0203_0090_0096_0096_3.jpg 1 203 90 96 96
positive_v2/0016_0123_0100_0067_0067_3.jpg 1 123 100 67 67
positive_v2/0017_0087_0013_0166_0166_3.jpg 1 87 13 166 166
positive_v2/0018_0134_0164_0140_0140_3.jpg 1 134 164 140 140
positive_v2/0019_0260_0262_0065_0065_3.jpg 1 260 262 65 65
positive_v2/0020_1900_0523_0164_0164_3.jpg 1 1900 523 164 164
positive_v2/0021_0100_0258_0151_0151_3.jpg 1 100 258 151 151
positive_v2/0022_0176_0060_0071_0071_3.jpg 1 176 60 71 71
positive_v2/0023_0099_0081_0105_0105_3.jpg 1 99 81 105 105
positive_v2/0024_0189_0250_0161_0161_3.jpg 1 189 250 161 161
positive_v2/0025_0047_0066_0151_0151_3.jpg 1 47 66 151 151
positive_v2/0026_0050_0024_0153_0153_3.jpg 1 50 24 153 153
positive_v2/0027_0032_0034_0056_0056_3.jpg 1 32 34 56 56
positive_v2/0028_0064_0025_0155_0155_3.jpg 1 64 25 155 155
positive_v2/0029_0081_0073_0146_0146_3.jpg 1 81 73 146 146
positive_v2/0030_0189_0066_0118_0118_3.jpg 1 189 66 118 118
positive_v2/0031_0373_0125_0160_0160_3.jpg 1 373 125 160 160
positive_v2/0032_0142_0304_0135_0135_3.jpg 1 142 304 135 135
positive_v2/0033_0051_0010_0153_0153_3.jpg 1 51 10 153 153
positive_v2/0034_0148_0100_0114_0114_3.jpg 1 148 100 114 114
positive_v2/0035_0165_0103_0091_0091_3.jpg 1 165 103 91 91
positive_v2/0036_0076_0035_0154_0154_3.jpg 1 76 35 154 154
positive_v2/0037_0056_0036_0139_0139_3.jpg 1 56 36 139 139
positive_v2/0038_0063_0047_0151_0151_3.jpg 1 63 47 151 151
positive_v2/0039_0179_0248_0123_0123_3.jpg 1 179 248 123 123
positive_v2/0040_0080_0079_0061_0061_3.jpg 1 80 79 61 61
positive_v2/0041_0152_0037_0114_0114_3.jpg 1 152 37 114 114
positive_v2/0042_0096_0069_0130_0130_3.jpg 1 96 69 130 130
positive_v2/0043_0083_0043_0072_0072_3.jpg 1 83 43 72 72
positive_v2/0044_0091_0012_0134_0134_3.jpg 1 91 12 134 134
positive_v2/0045_0070_0304_0114_0114_3.jpg 1 70 304 114 114
positive_v2/0046_0091_0234_0101_0101_3.jpg 1 91 234 101 101
positive_v2/0047_0067_0046_0163_0163_3.jpg 1 67 46 163 163
positive_v2/0048_0390_0159_0065_0065_3.jpg 1 390 159 65 65
positive_v2/0049_0295_0227_0048_0048_3.jpg 1 295 227 48 48
positive_v2/0050_0344_0257_0124_0124_3.jpg 1 344 257 124 124
positive_v2/0051_0037_0085_0050_0050_3.jpg 1 37 85 50 50
positive_v2/0052_0253_0059_0086_0086_3.jpg 1 253 59 86 86
positive_v2/0053_0078_0116_0082_0082_3.jpg 1 78 116 82 82
positive_v2/0054_0118_0113_0111_0111_3.jpg 1 118 113 111 111
positive_v2/0055_0285_0079_0134_0134_3.jpg 1 285 79 134 134
positive_v2/0056_0059_0038_0089_0089_3.jpg 1 59 38 89 89
positive_v2/0057_0109_0043_0130_0130_3.jpg 1 109 43 130 130
positive_v2/0058_0187_0248_0061_0061_3.jpg 1 187 248 61 61
positive_v2/0059_0092_0108_0068_0068_3.jpg 1 92 108 68 68
positive_v2/0060_0278_0075_0104_0104_3.jpg 1 278 75 104 104
positive_v2/0061_0360_0141_0157_0157_3.jpg 1 360 141 157 157
positive_v2/0062_0018_0121_0053_0053_3.jpg 1 18 121 53 53
positive_v2/0063_0328_0113_0070_0070_3.jpg 1 328 113 70 70
positive_v2/0064_0082_0066_0106_0106_3.jpg 1 82 66 106 106
positive_v2/0065_0198_0234_0115_0115_3.jpg 1 198 234 115 115
positive_v2/0066_0266_0115_0142_0142_3.jpg 1 266 115 142 142
positive_v2/0067_0083_0022_0123_0123_3.jpg 1 83 22 123 123
positive_v2/0068_0119_0172_0056_0056_3.jpg 1 119 172 56 56
positive_v2/0069_0062_0148_0050_0050_3.jpg 1 62 148 50 50
positive_v2/0070_0409_0175_0064_0064_3.jpg 1 409 175 64 64
positive_v2/0071_0246_0262_0114_0114_3.jpg 1 246 262 114 114
positive_v2/0072_0355_0228_0160_0160_3.jpg 1 355 228 160 160
positive_v2/0073_0147_0172_0109_0109_3.jpg 1 147 172 109 109
positive_v2/0074_0075_0018_0144_0144_3.jpg 1 75 18 144 144
positive_v2/0075_0100_0030_0147_0147_3.jpg 1 100 30 147 147
positive_v2/0076_0147_0164_0165_0165_3.jpg 1 147 164 165 165
positive_v2/0077_0089_0196_0148_0148_3.jpg 1 89 196 148 148
positive_v2/0078_0169_0026_0095_0095_3.jpg 1 169 26 95 95
positive_v2/0079_0020_0058_0159_0159_3.jpg 1 20 58 159 159
positive_v2/0080_0435_0084_0078_0078_3.jpg 1 435 84 78 78
positive_v2/0081_0113_0313_0080_0080_3.jpg 1 113 313 80 80
positive_v2/0082_0043_0055_0156_0156_3.jpg 1 43 55 156 156
positive_v2/0083_0112_0124_0078_0078_3.jpg 1 112 124 78 78
positive_v2/0084_0360_0250_0156_0156_3.jpg 1 360 250 156 156
positive_v2/0085_0158_0016_0107_0107_3.jpg 1 158 16 107 107
positive_v2/0086_0004_0058_0123_0123_3.jpg 1 4 58 123 123
positive_v2/0087_0677_0410_0078_0078_3.jpg 1 677 410 78 78
positive_v2/0088_0065_0086_0061_0061_3.jpg 1 65 86 61 61
positive_v2/0089_0361_0198_0111_0111_3.jpg 1 361 198 111 111
positive_v2/0090_0201_0183_0145_0145_3.jpg 1 201 183 145 145
positive_v2/0091_0033_0071_0105_0105_3.jpg 1 33 71 105 105
positive_v2/0092_0221_0073_0105_0105_3.jpg 1 221 73 105 105
positive_v2/0093_0298_0173_0144_0144_3.jpg 1 298 173 144 144
positive_v2/0094_0096_0092_0124_0124_3.jpg 1 96 92 124 124
positive_v2/0095_0669_0162_0132_0132_3.jpg 1 669 162 132 132
positive_v2/0096_0047_0030_0129_0129_3.jpg 1 47 30 129 129
positive_v2/0097_0105_0035_0151_0151_3.jpg 1 105 35 151 151
positive_v2/0098_0025_0036_0164_0164_3.jpg 1 25 36 164 164
positive_v2/0099_0025_0103_0088_0088_3.jpg 1 25 103 88 88
positive_v2/0100_0128_0267_0101_0101_3.jpg 1 128 267 101 101
positive_v2/0101_0072_0083_0122_0122_3.jpg 1 72 83 122 122
positive_v2/0102_0095_0123_0062_0062_3.jpg 1 95 123 62 62
positive_v2/0103_0179_0055_0069_0069_3.jpg 1 179 55 69 69
positive_v2/0104_0049_0039_0120_0120_3.jpg 1 49 39 120 120
positive_v2/0105_0064_0027_0167_0167_3.jpg 1 64 27 167 167
positive_v2/0106_0250_0225_0126_0126_3.jpg 1 250 225 126 126
positive_v2/0107_0057_0065_0140_0140_3.jpg 1 57 65 140 140
positive_v2/0108_0019_0090_0058_0058_3.jpg 1 19 90 58 58
positive_v2/0109_0310_0099_0144_0144_3.jpg 1 310 99 144 144
positive_v2/0110_0119_0115_0080_0080_3.jpg 1 119 115 80 80
positive_v2/0111_0208_0089_0051_0051_3.jpg 1 208 89 51 51
positive_v2/0112_0072_0091_0117_0117_3.jpg 1 72 91 117 117
positive_v2/0113_0119_0035_0093_0093_3.jpg 1 119 35 93 93
positive_v2/0114_0104_0109_0145_0145_3.jpg 1 104 109 145 145
positive_v2/0115_0325_0253_0092_0092_3.jpg 1 325 253 92 92
positive_v2/0116_0098_0033_0141_0141_3.jpg 1 98 33 141 141
positive_v2/0117_0050_0081_0056_0056_3.jpg 1 50 81 56 56
positive_v2/0118_0115_0078_0091_0091_3.jpg 1 115 78 91 91
positive_v2/0119_0120_0160_0135_0135_3.jpg 1 120 160 135 135
positive_v2/0120_0100_0162_0138_0138_3.jpg 1 100 162 138 138
positive_v2/0121_0063_0016_0119_0119_3.jpg 1 63 16 119 119
positive_v2/0122_0050_0132_0145_0145_3.jpg 1 50 132 145 145
positive_v2/0123_0125_0051_0137_0137_3.jpg 1 125 51 137 137
positive_v2/0124_0120_0029_0078_0078_3.jpg 1 120 29 78 78
positive_v2/0125_0234_0038_0113_0113_3.jpg 1 234 38 113 113
positive_v2/0126_0126_0135_0060_0060_3.jpg 1 126 135 60 60
positive_v2/0127_0035_0095_0088_0088_3.jpg 1 35 95 88 88
positive_v2/0128_0145_0232_0107_0107_3.jpg 1 145 232 107 107
positive_v2/0001_0045_0025_0144_0144_4.jpg 1 45 25 144 144
positive_v2/0002_0043_0078_0096_0096_4.jpg 1 43 78 96 96
positive_v2/0003_0080_0024_0120_0120_4.jpg 1 80 24 120 120
positive_v2/0004_0057_0015_0136_0136_4.jpg 1 57 15 136 136
positive_v2/0005_0056_0054_0116_0116_4.jpg 1 56 54 116 116
positive_v2/0006_1536_0156_0109_0109_4.jpg 1 1536 156 109 109
positive_v2/0007_0057_0041_0157_0157_4.jpg 1 57 41 157 157
positive_v2/0008_0393_0256_0069_0069_4.jpg 1 393 256 69 69
positive_v2/0009_0299_0126_0153_0153_4.jpg 1 299 126 153 153
positive_v2/0010_0246_0101_0147_0147_4.jpg 1 246 101 147 147
positive_v2/0011_0178_0179_0127_0127_4.jpg 1 178 179 127 127
positive_v2/0012_0028_0063_0129_0129_4.jpg 1 28 63 129 129
positive_v2/0013_0147_0079_0048_0048_4.jpg 1 147 79 48 48
positive_v2/0014_0244_0067_0068_0068_4.jpg 1 244 67 68 68
positive_v2/0015_0389_0073_0096_0096_4.jpg 1 389 73 96 96
positive_v2/0016_0117_0100_0067_0067_4.jpg 1 117 100 67 67
positive_v2/0017_0087_0013_0166_0166_4.jpg 1 87 13 166 166
positive_v2/0018_0012_0048_0140_0140_4.jpg 1 12 48 140 140
positive_v2/0019_0260_0262_0065_0065_4.jpg 1 260 262 65 65
positive_v2/0020_0122_0030_0164_0164_4.jpg 1 122 30 164 164
positive_v2/0021_0100_0258_0151_0151_4.jpg 1 100 258 151 151
positive_v2/0022_0165_0062_0071_0071_4.jpg 1 165 62 71 71
positive_v2/0023_0138_0119_0105_0105_4.jpg 1 138 119 105 105
positive_v2/0024_0189_0250_0161_0161_4.jpg 1 189 250 161 161
positive_v2/0025_0136_0247_0151_0151_4.jpg 1 136 247 151 151
positive_v2/0026_0050_0036_0153_0153_4.jpg 1 50 36 153 153
positive_v2/0027_0057_0043_0056_0056_4.jpg 1 57 43 56 56
positive_v2/0028_0008_0025_0155_0155_4.jpg 1 8 25 155 155
positive_v2/0029_0235_0266_0146_0146_4.jpg 1 235 266 146 146
positive_v2/0030_0135_0044_0118_0118_4.jpg 1 135 44 118 118
positive_v2/0031_0247_0064_0160_0160_4.jpg 1 247 64 160 160
positive_v2/0032_0028_0063_0135_0135_4.jpg 1 28 63 135 135
positive_v2/0033_0046_0010_0153_0153_4.jpg 1 46 10 153 153
positive_v2/0034_0379_0290_0114_0114_4.jpg 1 379 290 114 114
positive_v2/0035_0165_0103_0091_0091_4.jpg 1 165 103 91 91
positive_v2/0036_0223_0134_0154_0154_4.jpg 1 223 134 154 154
positive_v2/0037_0056_0036_0139_0139_4.jpg 1 56 36 139 139
positive_v2/0038_0099_0031_0151_0151_4.jpg 1 99 31 151 151
positive_v2/0039_0097_0055_0123_0123_4.jpg 1 97 55 123 123
positive_v2/0040_0035_0038_0061_0061_4.jpg 1 35 38 61 61
positive_v2/0041_0152_0037_0114_0114_4.jpg 1 152 37 114 114
positive_v2/0042_0098_0060_0130_0130_4.jpg 1 98 60 130 130
positive_v2/0043_0120_0057_0072_0072_4.jpg 1 120 57 72 72
positive_v2/0044_0051_0013_0134_0134_4.jpg 1 51 13 134 134
positive_v2/0045_0070_0304_0114_0114_4.jpg 1 70 304 114 114
positive_v2/0046_0091_0234_0101_0101_4.jpg 1 91 234 101 101
positive_v2/0047_0067_0008_0163_0163_4.jpg 1 67 8 163 163
positive_v2/0048_0390_0159_0065_0065_4.jpg 1 390 159 65 65
positive_v2/0049_0299_0251_0048_0048_4.jpg 1 299 251 48 48
positive_v2/0050_0344_0257_0124_0124_4.jpg 1 344 257 124 124
positive_v2/0051_0026_0100_0050_0050_4.jpg 1 26 100 50 50
positive_v2/0052_0254_0039_0086_0086_4.jpg 1 254 39 86 86
positive_v2/0053_0022_0046_0082_0082_4.jpg 1 22 46 82 82
positive_v2/0054_0269_0270_0111_0111_4.jpg 1 269 270 111 111
positive_v2/0055_0241_0074_0134_0134_4.jpg 1 241 74 134 134
positive_v2/0056_0092_0038_0089_0089_4.jpg 1 92 38 89 89
positive_v2/0057_0109_0043_0130_0130_4.jpg 1 109 43 130 130
positive_v2/0058_0083_0106_0061_0061_4.jpg 1 83 106 61 61
positive_v2/0059_0040_0123_0068_0068_4.jpg 1 40 123 68 68
positive_v2/0060_0147_0036_0104_0104_4.jpg 1 147 36 104 104
positive_v2/0061_0360_0141_0157_0157_4.jpg 1 360 141 157 157
positive_v2/0062_0026_0097_0053_0053_4.jpg 1 26 97 53 53
positive_v2/0063_0239_0160_0070_0070_4.jpg 1 239 160 70 70
positive_v2/0064_0082_0066_0106_0106_4.jpg 1 82 66 106 106
positive_v2/0065_0198_0234_0115_0115_4.jpg 1 198 234 115 115
positive_v2/0066_0120_0022_0142_0142_4.jpg 1 120 22 142 142
positive_v2/0067_0223_0069_0123_0123_4.jpg 1 223 69 123 123
positive_v2/0068_0119_0172_0056_0056_4.jpg 1 119 172 56 56
positive_v2/0069_0124_0152_0050_0050_4.jpg 1 124 152 50 50
positive_v2/0070_0409_0152_0064_0064_4.jpg 1 409 152 64 64
positive_v2/0071_0246_0262_0114_0114_4.jpg 1 246 262 114 114
positive_v2/0072_0355_0228_0160_0160_4.jpg 1 355 228 160 160
positive_v2/0073_0147_0172_0109_0109_4.jpg 1 147 172 109 109
positive_v2/0074_0075_0012_0144_0144_4.jpg 1 75 12 144 144
positive_v2/0075_0100_0030_0147_0147_4.jpg 1 100 30 147 147
positive_v2/0076_0097_0247_0165_0165_4.jpg 1 97 247 165 165
positive_v2/0077_0089_0196_0148_0148_4.jpg 1 89 196 148 148
positive_v2/0078_0169_0026_0095_0095_4.jpg 1 169 26 95 95
positive_v2/0079_0020_0058_0159_0159_4.jpg 1 20 58 159 159
positive_v2/0080_0435_0072_0078_0078_4.jpg 1 435 72 78 78
positive_v2/0081_0073_0132_0080_0080_4.jpg 1 73 132 80 80
positive_v2/0082_0049_0045_0156_0156_4.jpg 1 49 45 156 156
positive_v2/0083_0017_0050_0078_0078_4.jpg 1 17 50 78 78
positive_v2/0084_0360_0250_0156_0156_4.jpg 1 360 250 156 156
positive_v2/0085_0158_0021_0107_0107_4.jpg 1 158 21 107 107
positive_v2/0086_0025_0058_0123_0123_4.jpg 1 25 58 123 123
positive_v2/0087_0306_0168_0078_0078_4.jpg 1 306 168 78 78
positive_v2/0088_0065_0086_0061_0061_4.jpg 1 65 86 61 61
positive_v2/0089_0122_0088_0111_0111_4.jpg 1 122 88 111 111
positive_v2/0090_0055_0052_0145_0145_4.jpg 1 55 52 145 145
positive_v2/0091_0091_0071_0105_0105_4.jpg 1 91 71 105 105
positive_v2/0092_0225_0064_0105_0105_4.jpg 1 225 64 105 105
positive_v2/0093_0422_0224_0144_0144_4.jpg 1 422 224 144 144
positive_v2/0094_0180_0077_0124_0124_4.jpg 1 180 77 124 124
positive_v2/0095_0116_0031_0132_0132_4.jpg 1 116 31 132 132
positive_v2/0096_0086_0141_0129_0129_4.jpg 1 86 141 129 129
positive_v2/0097_0059_0048_0151_0151_4.jpg 1 59 48 151 151
positive_v2/0098_0005_0036_0164_0164_4.jpg 1 5 36 164 164
positive_v2/0099_0045_0103_0088_0088_4.jpg 1 45 103 88 88
positive_v2/0100_0073_0067_0101_0101_4.jpg 1 73 67 101 101
positive_v2/0101_0072_0083_0122_0122_4.jpg 1 72 83 122 122
positive_v2/0102_0064_0123_0062_0062_4.jpg 1 64 123 62 62
positive_v2/0103_0179_0055_0069_0069_4.jpg 1 179 55 69 69
positive_v2/0104_0048_0039_0120_0120_4.jpg 1 48 39 120 120
positive_v2/0105_0030_0038_0167_0167_4.jpg 1 30 38 167 167
positive_v2/0106_0093_0083_0126_0126_4.jpg 1 93 83 126 126
positive_v2/0107_0057_0065_0140_0140_4.jpg 1 57 65 140 140
positive_v2/0108_0088_0202_0058_0058_4.jpg 1 88 202 58 58
positive_v2/0109_0310_0099_0144_0144_4.jpg 1 310 99 144 144
positive_v2/0110_0119_0115_0080_0080_4.jpg 1 119 115 80 80
positive_v2/0111_0146_0089_0051_0051_4.jpg 1 146 89 51 51
positive_v2/0112_0187_0270_0117_0117_4.jpg 1 187 270 117 117
positive_v2/0113_0090_0035_0093_0093_4.jpg 1 90 35 93 93
positive_v2/0114_0070_0161_0145_0145_4.jpg 1 70 161 145 145
positive_v2/0115_0198_0414_0092_0092_4.jpg 1 198 414 92 92
positive_v2/0116_0098_0024_0141_0141_4.jpg 1 98 24 141 141
positive_v2/0117_0050_0081_0056_0056_4.jpg 1 50 81 56 56
positive_v2/0118_0206_0191_0091_0091_4.jpg 1 206 191 91 91
positive_v2/0119_0014_0041_0135_0135_4.jpg 1 14 41 135 135
positive_v2/0120_0058_0242_0138_0138_4.jpg 1 58 242 138 138
positive_v2/0121_0017_0047_0119_0119_4.jpg 1 17 47 119 119
positive_v2/0122_0005_0030_0145_0145_4.jpg 1 5 30 145 145
positive_v2/0123_0125_0051_0137_0137_4.jpg 1 125 51 137 137
positive_v2/0124_0222_0067_0078_0078_4.jpg 1 222 67 78 78
positive_v2/0125_0234_0038_0113_0113_4.jpg 1 234 38 113 113
positive_v2/0126_0126_0135_0060_0060_4.jpg 1 126 135 60 60
positive_v2/0127_0095_0095_0088_0088_4.jpg 1 95 95 88 88
positive_v2/0128_0101_0331_0107_0107_4.jpg 1 101 331 107 107
positive_v2/0001_0045_0025_0144_0144_5.jpg 1 45 25 144 144
positive_v2/0002_0043_0078_0096_0096_5.jpg 1 43 78 96 96
positive_v2/0003_0209_0084_0120_0120_5.jpg 1 209 84 120 120
positive_v2/0004_0057_0015_0136_0136_5.jpg 1 57 15 136 136
positive_v2/0005_0056_0068_0116_0116_5.jpg 1 56 68 116 116
positive_v2/0006_0130_0015_0109_0109_5.jpg 1 130 15 109 109
positive_v2/0007_0022_0057_0157_0157_5.jpg 1 22 57 157 157
positive_v2/0008_0393_0256_0069_0069_5.jpg 1 393 256 69 69
positive_v2/0009_0299_0126_0153_0153_5.jpg 1 299 126 153 153
positive_v2/0010_0354_0187_0147_0147_5.jpg 1 354 187 147 147
positive_v2/0011_0123_0097_0127_0127_5.jpg 1 123 97 127 127
positive_v2/0012_0052_0063_0129_0129_5.jpg 1 52 63 129 129
positive_v2/0013_0147_0090_0048_0048_5.jpg 1 147 90 48 48
positive_v2/0014_0244_0067_0068_0068_5.jpg 1 244 67 68 68
positive_v2/0015_0157_0031_0096_0096_5.jpg 1 157 31 96 96
positive_v2/0016_0123_0100_0067_0067_5.jpg 1 123 100 67 67
positive_v2/0017_0087_0013_0166_0166_5.jpg 1 87 13 166 166
positive_v2/0018_0048_0048_0140_0140_5.jpg 1 48 48 140 140
positive_v2/0019_0260_0262_0065_0065_5.jpg 1 260 262 65 65
positive_v2/0020_0122_0030_0164_0164_5.jpg 1 122 30 164 164
positive_v2/0021_0100_0258_0151_0151_5.jpg 1 100 258 151 151
positive_v2/0022_0317_0067_0071_0071_5.jpg 1 317 67 71 71
positive_v2/0023_0138_0119_0105_0105_5.jpg 1 138 119 105 105
positive_v2/0024_0189_0250_0161_0161_5.jpg 1 189 250 161 161
positive_v2/0025_0047_0066_0151_0151_5.jpg 1 47 66 151 151
positive_v2/0026_0003_0036_0153_0153_5.jpg 1 3 36 153 153
positive_v2/0027_0023_0035_0056_0056_5.jpg 1 23 35 56 56
positive_v2/0028_0064_0019_0155_0155_5.jpg 1 64 19 155 155
positive_v2/0029_0081_0073_0146_0146_5.jpg 1 81 73 146 146
positive_v2/0030_0205_0064_0118_0118_5.jpg 1 205 64 118 118
positive_v2/0031_0206_0114_0160_0160_5.jpg 1 206 114 160 160
positive_v2/0032_0076_0063_0135_0135_5.jpg 1 76 63 135 135
positive_v2/0033_0088_0010_0153_0153_5.jpg 1 88 10 153 153
positive_v2/0034_0148_0100_0114_0114_5.jpg 1 148 100 114 114
positive_v2/0035_0165_0103_0091_0091_5.jpg 1 165 103 91 91
positive_v2/0036_0076_0035_0154_0154_5.jpg 1 76 35 154 154
positive_v2/0037_0158_0124_0139_0139_5.jpg 1 158 124 139 139
positive_v2/0038_0099_0047_0151_0151_5.jpg 1 99 47 151 151
positive_v2/0039_0097_0055_0123_0123_5.jpg 1 97 55 123 123
positive_v2/0040_0035_0038_0061_0061_5.jpg 1 35 38 61 61
positive_v2/0041_0152_0037_0114_0114_5.jpg 1 152 37 114 114
positive_v2/0042_0043_0064_0130_0130_5.jpg 1 43 64 130 130
positive_v2/0043_0120_0057_0072_0072_5.jpg 1 120 57 72 72
positive_v2/0044_0091_0013_0134_0134_5.jpg 1 91 13 134 134
positive_v2/0045_0038_0071_0114_0114_5.jpg 1 38 71 114 114
positive_v2/0046_0091_0234_0101_0101_5.jpg 1 91 234 101 101
positive_v2/0047_0052_0046_0163_0163_5.jpg 1 52 46 163 163
positive_v2/0048_0390_0159_0065_0065_5.jpg 1 390 159 65 65
positive_v2/0049_0277_0247_0048_0048_5.jpg 1 277 247 48 48
positive_v2/0050_0237_0372_0124_0124_5.jpg 1 237 372 124 124
positive_v2/0051_0082_0230_0050_0050_5.jpg 1 82 230 50 50
positive_v2/0052_0242_0038_0086_0086_5.jpg 1 242 38 86 86
positive_v2/0053_0022_0046_0082_0082_5.jpg 1 22 46 82 82
positive_v2/0054_0078_0169_0111_0111_5.jpg 1 78 169 111 111
positive_v2/0055_0382_0110_0134_0134_5.jpg 1 382 110 134 134
positive_v2/0056_0156_0140_0089_0089_5.jpg 1 156 140 89 89
positive_v2/0057_0109_0043_0130_0130_5.jpg 1 109 43 130 130
positive_v2/0058_0083_0106_0061_0061_5.jpg 1 83 106 61 61
positive_v2/0059_0092_0123_0068_0068_5.jpg 1 92 123 68 68
positive_v2/0060_0147_0036_0104_0104_5.jpg 1 147 36 104 104
positive_v2/0061_0200_0211_0157_0157_5.jpg 1 200 211 157 157
positive_v2/0062_0026_0121_0053_0053_5.jpg 1 26 121 53 53
positive_v2/0063_0143_0047_0070_0070_5.jpg 1 143 47 70 70
positive_v2/0064_0082_0066_0106_0106_5.jpg 1 82 66 106 106
positive_v2/0065_0024_0094_0115_0115_5.jpg 1 24 94 115 115
positive_v2/0066_0014_0022_0142_0142_5.jpg 1 14 22 142 142
positive_v2/0067_0083_0022_0123_0123_5.jpg 1 83 22 123 123
positive_v2/0068_0119_0172_0056_0056_5.jpg 1 119 172 56 56
positive_v2/0069_0102_0080_0050_0050_5.jpg 1 102 80 50 50
positive_v2/0070_0409_0152_0064_0064_5.jpg 1 409 152 64 64
positive_v2/0071_0246_0262_0114_0114_5.jpg 1 246 262 114 114
positive_v2/0072_0355_0228_0160_0160_5.jpg 1 355 228 160 160
positive_v2/0073_0147_0172_0109_0109_5.jpg 1 147 172 109 109
positive_v2/0074_0211_0066_0144_0144_5.jpg 1 211 66 144 144
positive_v2/0075_0100_0030_0147_0147_5.jpg 1 100 30 147 147
positive_v2/0076_0147_0164_0165_0165_5.jpg 1 147 164 165 165
positive_v2/0077_0030_0053_0148_0148_5.jpg 1 30 53 148 148
positive_v2/0078_0169_0026_0095_0095_5.jpg 1 169 26 95 95
positive_v2/0079_0020_0058_0159_0159_5.jpg 1 20 58 159 159
positive_v2/0080_0138_0033_0078_0078_5.jpg 1 138 33 78 78
positive_v2/0081_0083_0241_0080_0080_5.jpg 1 83 241 80 80
positive_v2/0082_0049_0017_0156_0156_5.jpg 1 49 17 156 156
positive_v2/0083_0048_0049_0078_0078_5.jpg 1 48 49 78 78
positive_v2/0084_0360_0250_0156_0156_5.jpg 1 360 250 156 156
positive_v2/0085_0158_0016_0107_0107_5.jpg 1 158 16 107 107
positive_v2/0086_0025_0058_0123_0123_5.jpg 1 25 58 123 123
positive_v2/0087_0412_0246_0078_0078_5.jpg 1 412 246 78 78
positive_v2/0088_0065_0086_0061_0061_5.jpg 1 65 86 61 61
positive_v2/0089_0138_0111_0111_0111_5.jpg 1 138 111 111 111
positive_v2/0090_0071_0052_0145_0145_5.jpg 1 71 52 145 145
positive_v2/0091_0096_0068_0105_0105_5.jpg 1 96 68 105 105
positive_v2/0092_0225_0064_0105_0105_5.jpg 1 225 64 105 105
positive_v2/0093_0028_0011_0144_0144_5.jpg 1 28 11 144 144
positive_v2/0094_0532_0212_0124_0124_5.jpg 1 532 212 124 124
positive_v2/0095_0273_0077_0132_0132_5.jpg 1 273 77 132 132
positive_v2/0096_0074_0143_0129_0129_5.jpg 1 74 143 129 129
positive_v2/0097_0205_0264_0151_0151_5.jpg 1 205 264 151 151
positive_v2/0098_0048_0024_0164_0164_5.jpg 1 48 24 164 164
positive_v2/0099_0075_0101_0088_0088_5.jpg 1 75 101 88 88
positive_v2/0100_0180_0185_0101_0101_5.jpg 1 180 185 101 101
positive_v2/0101_0072_0083_0122_0122_5.jpg 1 72 83 122 122
positive_v2/0102_0071_0123_0062_0062_5.jpg 1 71 123 62 62
positive_v2/0103_0179_0055_0069_0069_5.jpg 1 179 55 69 69
positive_v2/0104_0009_0039_0120_0120_5.jpg 1 9 39 120 120
positive_v2/0105_0064_0030_0167_0167_5.jpg 1 64 30 167 167
positive_v2/0106_0250_0225_0126_0126_5.jpg 1 250 225 126 126
positive_v2/0107_0109_0331_0140_0140_5.jpg 1 109 331 140 140
positive_v2/0108_0035_0103_0058_0058_5.jpg 1 35 103 58 58
positive_v2/0109_0310_0099_0144_0144_5.jpg 1 310 99 144 144
positive_v2/0110_0119_0115_0080_0080_5.jpg 1 119 115 80 80
positive_v2/0111_0208_0088_0051_0051_5.jpg 1 208 88 51 51
positive_v2/0112_0072_0091_0117_0117_5.jpg 1 72 91 117 117
positive_v2/0113_0432_0092_0093_0093_5.jpg 1 432 92 93 93
positive_v2/0114_0070_0161_0145_0145_5.jpg 1 70 161 145 145
positive_v2/0115_0132_0148_0092_0092_5.jpg 1 132 148 92 92
positive_v2/0116_0278_0098_0141_0141_5.jpg 1 278 98 141 141
positive_v2/0117_0050_0081_0056_0056_5.jpg 1 50 81 56 56
positive_v2/0118_0115_0078_0091_0091_5.jpg 1 115 78 91 91
positive_v2/0119_0060_0113_0135_0135_5.jpg 1 60 113 135 135
positive_v2/0120_0102_0139_0138_0138_5.jpg 1 102 139 138 138
positive_v2/0121_0062_0047_0119_0119_5.jpg 1 62 47 119 119
positive_v2/0122_0014_0018_0145_0145_5.jpg 1 14 18 145 145
positive_v2/0123_0125_0051_0137_0137_5.jpg 1 125 51 137 137
positive_v2/0124_0222_0067_0078_0078_5.jpg 1 222 67 78 78
positive_v2/0125_0170_0022_0113_0113_5.jpg 1 170 22 113 113
positive_v2/0126_0126_0135_0060_0060_5.jpg 1 126 135 60 60
positive_v2/0127_0062_0095_0088_0088_5.jpg 1 62 95 88 88
positive_v2/0128_0142_0228_0107_0107_5.jpg 1 142 228 107 107
positive_v2/0001_0045_0025_0144_0144_6.jpg 1 45 25 144 144
positive_v2/0002_0043_0078_0096_0096_6.jpg 1 43 78 96 96
positive_v2/0003_0080_0028_0120_0120_6.jpg 1 80 28 120 120
positive_v2/0004_0057_0015_0136_0136_6.jpg 1 57 15 136 136
positive_v2/0005_0056_0048_0116_0116_6.jpg 1 56 48 116 116
positive_v2/0006_0130_0015_0109_0109_6.jpg 1 130 15 109 109
positive_v2/0007_0025_0057_0157_0157_6.jpg 1 25 57 157 157
positive_v2/0008_0283_0355_0069_0069_6.jpg 1 283 355 69 69
positive_v2/0009_0299_0126_0153_0153_6.jpg 1 299 126 153 153
positive_v2/0010_0175_0070_0147_0147_6.jpg 1 175 70 147 147
positive_v2/0011_0178_0179_0127_0127_6.jpg 1 178 179 127 127
positive_v2/0012_0141_0199_0129_0129_6.jpg 1 141 199 129 129
positive_v2/0013_0147_0079_0048_0048_6.jpg 1 147 79 48 48
positive_v2/0014_0176_0093_0068_0068_6.jpg 1 176 93 68 68
positive_v2/0015_0157_0031_0096_0096_6.jpg 1 157 31 96 96
positive_v2/0016_0084_0100_0067_0067_6.jpg 1 84 100 67 67
positive_v2/0017_0087_0013_0166_0166_6.jpg 1 87 13 166 166
positive_v2/0018_0012_0048_0140_0140_6.jpg 1 12 48 140 140
positive_v2/0019_0115_0110_0065_0065_6.jpg 1 115 110 65 65
positive_v2/0020_0122_0030_0164_0164_6.jpg 1 122 30 164 164
positive_v2/0021_0100_0258_0151_0151_6.jpg 1 100 258 151 151
positive_v2/0022_0123_0042_0071_0071_6.jpg 1 123 42 71 71
positive_v2/0023_0138_0119_0105_0105_6.jpg 1 138 119 105 105
positive_v2/0024_0189_0208_0161_0161_6.jpg 1 189 208 161 161
positive_v2/0025_0047_0066_0151_0151_6.jpg 1 47 66 151 151
positive_v2/0026_0050_0036_0153_0153_6.jpg 1 50 36 153 153
positive_v2/0027_0024_0019_0056_0056_6.jpg 1 24 19 56 56
positive_v2/0028_0064_0025_0155_0155_6.jpg 1 64 25 155 155
positive_v2/0029_0081_0073_0146_0146_6.jpg 1 81 73 146 146
positive_v2/0030_0062_0051_0118_0118_6.jpg 1 62 51 118 118
positive_v2/0031_0074_0035_0160_0160_6.jpg 1 74 35 160 160
positive_v2/0032_0014_0063_0135_0135_6.jpg 1 14 63 135 135
positive_v2/0033_0013_0010_0153_0153_6.jpg 1 13 10 153 153
positive_v2/0034_0148_0100_0114_0114_6.jpg 1 148 100 114 114
positive_v2/0035_0165_0103_0091_0091_6.jpg 1 165 103 91 91
positive_v2/0036_0076_0035_0154_0154_6.jpg 1 76 35 154 154
positive_v2/0037_0056_0036_0139_0139_6.jpg 1 56 36 139 139
positive_v2/0038_0046_0047_0151_0151_6.jpg 1 46 47 151 151
positive_v2/0039_0097_0055_0123_0123_6.jpg 1 97 55 123 123
positive_v2/0040_0035_0038_0061_0061_6.jpg 1 35 38 61 61
positive_v2/0041_0152_0037_0114_0114_6.jpg 1 152 37 114 114
positive_v2/0042_0098_0060_0130_0130_6.jpg 1 98 60 130 130
positive_v2/0043_0120_0057_0072_0072_6.jpg 1 120 57 72 72
positive_v2/0044_0091_0012_0134_0134_6.jpg 1 91 12 134 134
positive_v2/0045_0038_0071_0114_0114_6.jpg 1 38 71 114 114
positive_v2/0046_0091_0234_0101_0101_6.jpg 1 91 234 101 101
positive_v2/0047_0007_0046_0163_0163_6.jpg 1 7 46 163 163
positive_v2/0048_0390_0159_0065_0065_6.jpg 1 390 159 65 65
positive_v2/0049_0127_0126_0048_0048_6.jpg 1 127 126 48 48
positive_v2/0050_0237_0372_0124_0124_6.jpg 1 237 372 124 124
positive_v2/0051_0037_0100_0050_0050_6.jpg 1 37 100 50 50
positive_v2/0052_0238_0026_0086_0086_6.jpg 1 238 26 86 86
positive_v2/0053_0033_0046_0082_0082_6.jpg 1 33 46 82 82
positive_v2/0054_0003_0035_0111_0111_6.jpg 1 3 35 111 111
positive_v2/0055_0300_0046_0134_0134_6.jpg 1 300 46 134 134
positive_v2/0056_0092_0038_0089_0089_6.jpg 1 92 38 89 89
positive_v2/0057_0109_0043_0130_0130_6.jpg 1 109 43 130 130
positive_v2/0058_0190_0219_0061_0061_6.jpg 1 190 219 61 61
positive_v2/0059_0072_0123_0068_0068_6.jpg 1 72 123 68 68
positive_v2/0060_0147_0036_0104_0104_6.jpg 1 147 36 104 104
positive_v2/0061_0360_0118_0157_0157_6.jpg 1 360 118 157 157
positive_v2/0062_0026_0121_0053_0053_6.jpg 1 26 121 53 53
positive_v2/0063_0143_0047_0070_0070_6.jpg 1 143 47 70 70
positive_v2/0064_0082_0066_0106_0106_6.jpg 1 82 66 106 106
positive_v2/0065_0043_0094_0115_0115_6.jpg 1 43 94 115 115
positive_v2/0066_0140_0022_0142_0142_6.jpg 1 140 22 142 142
positive_v2/0067_0154_0100_0123_0123_6.jpg 1 154 100 123 123
positive_v2/0068_0119_0172_0056_0056_6.jpg 1 119 172 56 56
positive_v2/0069_0079_0276_0050_0050_6.jpg 1 79 276 50 50
positive_v2/0070_0409_0152_0064_0064_6.jpg 1 409 152 64 64
positive_v2/0071_0246_0262_0114_0114_6.jpg 1 246 262 114 114
positive_v2/0072_0355_0228_0160_0160_6.jpg 1 355 228 160 160
positive_v2/0073_0147_0172_0109_0109_6.jpg 1 147 172 109 109
positive_v2/0074_0074_0018_0144_0144_6.jpg 1 74 18 144 144
positive_v2/0075_0100_0030_0147_0147_6.jpg 1 100 30 147 147
positive_v2/0076_0097_0247_0165_0165_6.jpg 1 97 247 165 165
positive_v2/0077_0030_0053_0148_0148_6.jpg 1 30 53 148 148
positive_v2/0078_0169_0026_0095_0095_6.jpg 1 169 26 95 95
positive_v2/0079_0061_0233_0159_0159_6.jpg 1 61 233 159 159
positive_v2/0080_0116_0033_0078_0078_6.jpg 1 116 33 78 78
positive_v2/0081_0033_0086_0080_0080_6.jpg 1 33 86 80 80
positive_v2/0082_0049_0017_0156_0156_6.jpg 1 49 17 156 156
positive_v2/0083_0036_0050_0078_0078_6.jpg 1 36 50 78 78
positive_v2/0084_0360_0250_0156_0156_6.jpg 1 360 250 156 156
positive_v2/0085_0034_0021_0107_0107_6.jpg 1 34 21 107 107
positive_v2/0086_0068_0181_0123_0123_6.jpg 1 68 181 123 123
positive_v2/0087_0100_0143_0078_0078_6.jpg 1 100 143 78 78
positive_v2/0088_0065_0086_0061_0061_6.jpg 1 65 86 61 61
positive_v2/0089_0126_0139_0111_0111_6.jpg 1 126 139 111 111
positive_v2/0090_0043_0052_0145_0145_6.jpg 1 43 52 145 145
positive_v2/0091_0096_0057_0105_0105_6.jpg 1 96 57 105 105
positive_v2/0092_0225_0064_0105_0105_6.jpg 1 225 64 105 105
positive_v2/0093_0475_0243_0144_0144_6.jpg 1 475 243 144 144
positive_v2/0094_0228_0087_0124_0124_6.jpg 1 228 87 124 124
positive_v2/0095_0399_0113_0132_0132_6.jpg 1 399 113 132 132
positive_v2/0096_0125_0096_0129_0129_6.jpg 1 125 96 129 129
positive_v2/0097_0018_0048_0151_0151_6.jpg 1 18 48 151 151
positive_v2/0098_0000_0036_0164_0164_6.jpg 1 0 36 164 164
positive_v2/0099_0049_0103_0088_0088_6.jpg 1 49 103 88 88
positive_v2/0100_0073_0067_0101_0101_6.jpg 1 73 67 101 101
positive_v2/0101_0072_0083_0122_0122_6.jpg 1 72 83 122 122
positive_v2/0102_0030_0123_0062_0062_6.jpg 1 30 123 62 62
positive_v2/0103_0179_0055_0069_0069_6.jpg 1 179 55 69 69
positive_v2/0104_0034_0039_0120_0120_6.jpg 1 34 39 120 120
positive_v2/0105_0064_0030_0167_0167_6.jpg 1 64 30 167 167
positive_v2/0106_0093_0083_0126_0126_6.jpg 1 93 83 126 126
positive_v2/0107_0109_0331_0140_0140_6.jpg 1 109 331 140 140
positive_v2/0108_0065_0126_0058_0058_6.jpg 1 65 126 58 58
positive_v2/0109_0310_0099_0144_0144_6.jpg 1 310 99 144 144
positive_v2/0110_0119_0115_0080_0080_6.jpg 1 119 115 80 80
positive_v2/0111_0208_0060_0051_0051_6.jpg 1 208 60 51 51
positive_v2/0112_0072_0091_0117_0117_6.jpg 1 72 91 117 117
positive_v2/0113_0179_0035_0093_0093_6.jpg 1 179 35 93 93
positive_v2/0114_0070_0161_0145_0145_6.jpg 1 70 161 145 145
positive_v2/0115_0011_0016_0092_0092_6.jpg 1 11 16 92 92
positive_v2/0116_0053_0033_0141_0141_6.jpg 1 53 33 141 141
positive_v2/0117_0112_0188_0056_0056_6.jpg 1 112 188 56 56
positive_v2/0118_0115_0078_0091_0091_6.jpg 1 115 78 91 91
positive_v2/0119_0060_0085_0135_0135_6.jpg 1 60 85 135 135
positive_v2/0120_0100_0162_0138_0138_6.jpg 1 100 162 138 138
positive_v2/0121_0017_0047_0119_0119_6.jpg 1 17 47 119 119
positive_v2/0122_0026_0120_0145_0145_6.jpg 1 26 120 145 145
positive_v2/0123_0125_0051_0137_0137_6.jpg 1 125 51 137 137
positive_v2/0124_0222_0067_0078_0078_6.jpg 1 222 67 78 78
positive_v2/0125_0238_0044_0113_0113_6.jpg 1 238 44 113 113
positive_v2/0126_0126_0135_0060_0060_6.jpg 1 126 135 60 60
positive_v2/0127_0030_0095_0088_0088_6.jpg 1 30 95 88 88
positive_v2/0128_0145_0232_0107_0107_6.jpg 1 145 232 107 107
positive_v2/0001_0045_0025_0144_0144_7.jpg 1 45 25 144 144
positive_v2/0002_0043_0078_0096_0096_7.jpg 1 43 78 96 96
positive_v2/0003_0042_0028_0120_0120_7.jpg 1 42 28 120 120
positive_v2/0004_0057_0015_0136_0136_7.jpg 1 57 15 136 136
positive_v2/0005_0050_0068_0116_0116_7.jpg 1 50 68 116 116
positive_v2/0006_0130_0015_0109_0109_7.jpg 1 130 15 109 109
positive_v2/0007_0003_0057_0157_0157_7.jpg 1 3 57 157 157
positive_v2/0008_0393_0256_0069_0069_7.jpg 1 393 256 69 69
positive_v2/0009_0299_0126_0153_0153_7.jpg 1 299 126 153 153
positive_v2/0010_0354_0187_0147_0147_7.jpg 1 354 187 147 147
positive_v2/0011_0039_0068_0127_0127_7.jpg 1 39 68 127 127
positive_v2/0012_0052_0063_0129_0129_7.jpg 1 52 63 129 129
positive_v2/0013_0104_0092_0048_0048_7.jpg 1 104 92 48 48
positive_v2/0014_0244_0067_0068_0068_7.jpg 1 244 67 68 68
positive_v2/0015_0157_0031_0096_0096_7.jpg 1 157 31 96 96
positive_v2/0016_0092_0100_0067_0067_7.jpg 1 92 100 67 67
positive_v2/0017_0087_0013_0166_0166_7.jpg 1 87 13 166 166
positive_v2/0018_0014_0048_0140_0140_7.jpg 1 14 48 140 140
positive_v2/0019_0115_0110_0065_0065_7.jpg 1 115 110 65 65
positive_v2/0020_0372_0128_0164_0164_7.jpg 1 372 128 164 164
positive_v2/0021_0100_0258_0151_0151_7.jpg 1 100 258 151 151
positive_v2/0022_0317_0067_0071_0071_7.jpg 1 317 67 71 71
positive_v2/0023_0138_0119_0105_0105_7.jpg 1 138 119 105 105
positive_v2/0024_0189_0250_0161_0161_7.jpg 1 189 250 161 161
positive_v2/0025_0047_0066_0151_0151_7.jpg 1 47 66 151 151
positive_v2/0026_0050_0036_0153_0153_7.jpg 1 50 36 153 153
positive_v2/0027_0091_0134_0056_0056_7.jpg 1 91 134 56 56
positive_v2/0028_0064_0025_0155_0155_7.jpg 1 64 25 155 155
positive_v2/0029_0081_0073_0146_0146_7.jpg 1 81 73 146 146
positive_v2/0030_0134_0043_0118_0118_7.jpg 1 134 43 118 118
positive_v2/0031_0237_0042_0160_0160_7.jpg 1 237 42 160 160
positive_v2/0032_0211_0211_0135_0135_7.jpg 1 211 211 135 135
positive_v2/0033_0088_0003_0153_0153_7.jpg 1 88 3 153 153
positive_v2/0034_0148_0100_0114_0114_7.jpg 1 148 100 114 114
positive_v2/0035_0395_0270_0091_0091_7.jpg 1 395 270 91 91
positive_v2/0036_0076_0035_0154_0154_7.jpg 1 76 35 154 154
positive_v2/0037_0056_0036_0139_0139_7.jpg 1 56 36 139 139
positive_v2/0038_0008_0047_0151_0151_7.jpg 1 8 47 151 151
positive_v2/0039_0255_0168_0123_0123_7.jpg 1 255 168 123 123
positive_v2/0040_0035_0038_0061_0061_7.jpg 1 35 38 61 61
positive_v2/0041_0152_0037_0114_0114_7.jpg 1 152 37 114 114
positive_v2/0042_0060_0028_0130_0130_7.jpg 1 60 28 130 130
positive_v2/0043_0120_0057_0072_0072_7.jpg 1 120 57 72 72
positive_v2/0044_0058_0013_0134_0134_7.jpg 1 58 13 134 134
positive_v2/0045_0038_0071_0114_0114_7.jpg 1 38 71 114 114
positive_v2/0046_0091_0273_0101_0101_7.jpg 1 91 273 101 101
positive_v2/0047_0048_0046_0163_0163_7.jpg 1 48 46 163 163
positive_v2/0048_0390_0159_0065_0065_7.jpg 1 390 159 65 65
positive_v2/0049_0300_0218_0048_0048_7.jpg 1 300 218 48 48
positive_v2/0050_0350_0222_0124_0124_7.jpg 1 350 222 124 124
positive_v2/0051_0082_0230_0050_0050_7.jpg 1 82 230 50 50
positive_v2/0052_0375_0058_0086_0086_7.jpg 1 375 58 86 86
positive_v2/0053_0033_0046_0082_0082_7.jpg 1 33 46 82 82
positive_v2/0054_0091_0118_0111_0111_7.jpg 1 91 118 111 111
positive_v2/0055_0273_0070_0134_0134_7.jpg 1 273 70 134 134
positive_v2/0056_0092_0038_0089_0089_7.jpg 1 92 38 89 89
positive_v2/0057_0109_0043_0130_0130_7.jpg 1 109 43 130 130
positive_v2/0058_0083_0106_0061_0061_7.jpg 1 83 106 61 61
positive_v2/0059_0065_0123_0068_0068_7.jpg 1 65 123 68 68
positive_v2/0060_0260_0146_0104_0104_7.jpg 1 260 146 104 104
positive_v2/0061_0360_0118_0157_0157_7.jpg 1 360 118 157 157
positive_v2/0062_0018_0121_0053_0053_7.jpg 1 18 121 53 53
positive_v2/0063_0143_0047_0070_0070_7.jpg 1 143 47 70 70
positive_v2/0064_0082_0066_0106_0106_7.jpg 1 82 66 106 106
positive_v2/0065_0077_0073_0115_0115_7.jpg 1 77 73 115 115
positive_v2/0066_0140_0011_0142_0142_7.jpg 1 140 11 142 142
positive_v2/0067_0083_0022_0123_0123_7.jpg 1 83 22 123 123
positive_v2/0068_0119_0172_0056_0056_7.jpg 1 119 172 56 56
positive_v2/0069_0051_0089_0050_0050_7.jpg 1 51 89 50 50
positive_v2/0070_0409_0175_0064_0064_7.jpg 1 409 175 64 64
positive_v2/0071_0246_0262_0114_0114_7.jpg 1 246 262 114 114
positive_v2/0072_0236_0343_0160_0160_7.jpg 1 236 343 160 160
positive_v2/0073_0058_0071_0109_0109_7.jpg 1 58 71 109 109
positive_v2/0074_0043_0018_0144_0144_7.jpg 1 43 18 144 144
positive_v2/0075_0100_0030_0147_0147_7.jpg 1 100 30 147 147
positive_v2/0076_0097_0247_0165_0165_7.jpg 1 97 247 165 165
positive_v2/0077_0030_0053_0148_0148_7.jpg 1 30 53 148 148
positive_v2/0078_0410_0069_0095_0095_7.jpg 1 410 69 95 95
positive_v2/0079_0020_0058_0159_0159_7.jpg 1 20 58 159 159
positive_v2/0080_0068_0033_0078_0078_7.jpg 1 68 33 78 78
positive_v2/0081_0048_0019_0080_0080_7.jpg 1 48 19 80 80
positive_v2/0082_0049_0017_0156_0156_7.jpg 1 49 17 156 156
positive_v2/0083_0032_0050_0078_0078_7.jpg 1 32 50 78 78
positive_v2/0084_0241_0374_0156_0156_7.jpg 1 241 374 156 156
positive_v2/0085_0158_0021_0107_0107_7.jpg 1 158 21 107 107
positive_v2/0086_0047_0262_0123_0123_7.jpg 1 47 262 123 123
positive_v2/0087_0568_0329_0078_0078_7.jpg 1 568 329 78 78
positive_v2/0088_0065_0086_0061_0061_7.jpg 1 65 86 61 61
positive_v2/0089_0361_0198_0111_0111_7.jpg 1 361 198 111 111
positive_v2/0090_0071_0052_0145_0145_7.jpg 1 71 52 145 145
positive_v2/0091_0096_0060_0105_0105_7.jpg 1 96 60 105 105
positive_v2/0092_0225_0064_0105_0105_7.jpg 1 225 64 105 105
positive_v2/0093_0000_0034_0144_0144_7.jpg 1 0 34 144 144
positive_v2/0094_0262_0091_0124_0124_7.jpg 1 262 91 124 124
positive_v2/0095_0281_0087_0132_0132_7.jpg 1 281 87 132 132
positive_v2/0096_0125_0096_0129_0129_7.jpg 1 125 96 129 129
positive_v2/0097_0105_0012_0151_0151_7.jpg 1 105 12 151 151
positive_v2/0098_0149_0153_0164_0164_7.jpg 1 149 153 164 164
positive_v2/0099_0065_0103_0088_0088_7.jpg 1 65 103 88 88
positive_v2/0100_0073_0067_0101_0101_7.jpg 1 73 67 101 101
positive_v2/0101_0072_0083_0122_0122_7.jpg 1 72 83 122 122
positive_v2/0102_0073_0123_0062_0062_7.jpg 1 73 123 62 62
positive_v2/0103_0128_0076_0069_0069_7.jpg 1 128 76 69 69
positive_v2/0104_0049_0026_0120_0120_7.jpg 1 49 26 120 120
positive_v2/0105_0064_0030_0167_0167_7.jpg 1 64 30 167 167
positive_v2/0106_0093_0083_0126_0126_7.jpg 1 93 83 126 126
positive_v2/0107_0109_0331_0140_0140_7.jpg 1 109 331 140 140
positive_v2/0108_0083_0276_0058_0058_7.jpg 1 83 276 58 58
positive_v2/0109_0310_0099_0144_0144_7.jpg 1 310 99 144 144
positive_v2/0110_0119_0115_0080_0080_7.jpg 1 119 115 80 80
positive_v2/0111_0208_0053_0051_0051_7.jpg 1 208 53 51 51
positive_v2/0112_0187_0270_0117_0117_7.jpg 1 187 270 117 117
positive_v2/0113_0179_0035_0093_0093_7.jpg 1 179 35 93 93
positive_v2/0114_0070_0161_0145_0145_7.jpg 1 70 161 145 145
positive_v2/0115_0227_0209_0092_0092_7.jpg 1 227 209 92 92
positive_v2/0116_0273_0114_0141_0141_7.jpg 1 273 114 141 141
positive_v2/0117_0081_0259_0056_0056_7.jpg 1 81 259 56 56
positive_v2/0118_0280_0180_0091_0091_7.jpg 1 280 180 91 91
positive_v2/0119_0056_0156_0135_0135_7.jpg 1 56 156 135 135
positive_v2/0120_0072_0079_0138_0138_7.jpg 1 72 79 138 138
positive_v2/0121_0038_0047_0119_0119_7.jpg 1 38 47 119 119
positive_v2/0122_0055_0112_0145_0145_7.jpg 1 55 112 145 145
positive_v2/0123_0344_0169_0137_0137_7.jpg 1 344 169 137 137
positive_v2/0124_0222_0067_0078_0078_7.jpg 1 222 67 78 78
positive_v2/0125_0170_0026_0113_0113_7.jpg 1 170 26 113 113
positive_v2/0126_0281_0317_0060_0060_7.jpg 1 281 317 60 60
positive_v2/0127_0104_0095_0088_0088_7.jpg 1 104 95 88 88
positive_v2/0128_0057_0081_0107_0107_7.jpg 1 57 81 107 107
positive_v2/0001_0045_0025_0144_0144_8.jpg 1 45 25 144 144
positive_v2/0002_0043_0078_0096_0096_8.jpg 1 43 78 96 96
positive_v2/0003_0209_0084_0120_0120_8.jpg 1 209 84 120 120
positive_v2/0004_0057_0015_0136_0136_8.jpg 1 57 15 136 136
positive_v2/0005_0056_0068_0116_0116_8.jpg 1 56 68 116 116
positive_v2/0006_0130_0015_0109_0109_8.jpg 1 130 15 109 109
positive_v2/0007_0057_0056_0157_0157_8.jpg 1 57 56 157 157
positive_v2/0008_0393_0256_0069_0069_8.jpg 1 393 256 69 69
positive_v2/0009_0299_0126_0153_0153_8.jpg 1 299 126 153 153
positive_v2/0010_0354_0187_0147_0147_8.jpg 1 354 187 147 147
positive_v2/0011_0246_0265_0127_0127_8.jpg 1 246 265 127 127
positive_v2/0012_0020_0063_0129_0129_8.jpg 1 20 63 129 129
positive_v2/0013_0116_0092_0048_0048_8.jpg 1 116 92 48 48
positive_v2/0014_0244_0067_0068_0068_8.jpg 1 244 67 68 68
positive_v2/0015_0157_0031_0096_0096_8.jpg 1 157 31 96 96
positive_v2/0016_0123_0100_0067_0067_8.jpg 1 123 100 67 67
positive_v2/0017_0087_0013_0166_0166_8.jpg 1 87 13 166 166
positive_v2/0018_0048_0036_0140_0140_8.jpg 1 48 36 140 140
positive_v2/0019_0198_0153_0065_0065_8.jpg 1 198 153 65 65
positive_v2/0020_0372_0128_0164_0164_8.jpg 1 372 128 164 164
positive_v2/0021_0100_0258_0151_0151_8.jpg 1 100 258 151 151
positive_v2/0022_0317_0067_0071_0071_8.jpg 1 317 67 71 71
positive_v2/0023_0138_0119_0105_0105_8.jpg 1 138 119 105 105
positive_v2/0024_0189_0250_0161_0161_8.jpg 1 189 250 161 161
positive_v2/0025_0047_0066_0151_0151_8.jpg 1 47 66 151 151
positive_v2/0026_0010_0036_0153_0153_8.jpg 1 10 36 153 153
positive_v2/0027_0025_0021_0056_0056_8.jpg 1 25 21 56 56
positive_v2/0028_0064_0011_0155_0155_8.jpg 1 64 11 155 155
positive_v2/0029_0081_0073_0146_0146_8.jpg 1 81 73 146 146
positive_v2/0030_0066_0060_0118_0118_8.jpg 1 66 60 118 118
positive_v2/0031_0059_0005_0160_0160_8.jpg 1 59 5 160 160
positive_v2/0032_0122_0309_0135_0135_8.jpg 1 122 309 135 135
positive_v2/0033_0088_0003_0153_0153_8.jpg 1 88 3 153 153
positive_v2/0034_0148_0100_0114_0114_8.jpg 1 148 100 114 114
positive_v2/0035_0165_0103_0091_0091_8.jpg 1 165 103 91 91
positive_v2/0036_0076_0035_0154_0154_8.jpg 1 76 35 154 154
positive_v2/0037_0107_0183_0139_0139_8.jpg 1 107 183 139 139
positive_v2/0038_0074_0047_0151_0151_8.jpg 1 74 47 151 151
positive_v2/0039_0097_0055_0123_0123_8.jpg 1 97 55 123 123
positive_v2/0040_0079_0089_0061_0061_8.jpg 1 79 89 61 61
positive_v2/0041_0152_0037_0114_0114_8.jpg 1 152 37 114 114
positive_v2/0042_0006_0021_0130_0130_8.jpg 1 6 21 130 130
positive_v2/0043_0120_0057_0072_0072_8.jpg 1 120 57 72 72
positive_v2/0044_0081_0013_0134_0134_8.jpg 1 81 13 134 134
positive_v2/0045_0101_0211_0114_0114_8.jpg 1 101 211 114 114
positive_v2/0046_0091_0273_0101_0101_8.jpg 1 91 273 101 101
positive_v2/0047_0062_0046_0163_0163_8.jpg 1 62 46 163 163
positive_v2/0048_0390_0159_0065_0065_8.jpg 1 390 159 65 65
positive_v2/0049_0049_0082_0048_0048_8.jpg 1 49 82 48 48
positive_v2/0050_0344_0257_0124_0124_8.jpg 1 344 257 124 124
positive_v2/0051_0081_0227_0050_0050_8.jpg 1 81 227 50 50
positive_v2/0052_0278_0032_0086_0086_8.jpg 1 278 32 86 86
positive_v2/0053_0033_0046_0082_0082_8.jpg 1 33 46 82 82
positive_v2/0054_0048_0046_0111_0111_8.jpg 1 48 46 111 111
positive_v2/0055_0632_0160_0134_0134_8.jpg 1 632 160 134 134
positive_v2/0056_0084_0038_0089_0089_8.jpg 1 84 38 89 89
positive_v2/0057_0109_0043_0130_0130_8.jpg 1 109 43 130 130
positive_v2/0058_0083_0106_0061_0061_8.jpg 1 83 106 61 61
positive_v2/0059_0025_0123_0068_0068_8.jpg 1 25 123 68 68
positive_v2/0060_0147_0036_0104_0104_8.jpg 1 147 36 104 104
positive_v2/0061_0360_0118_0157_0157_8.jpg 1 360 118 157 157
positive_v2/0062_0026_0103_0053_0053_8.jpg 1 26 103 53 53
positive_v2/0063_0332_0100_0070_0070_8.jpg 1 332 100 70 70
positive_v2/0064_0082_0066_0106_0106_8.jpg 1 82 66 106 106
positive_v2/0065_0053_0094_0115_0115_8.jpg 1 53 94 115 115
positive_v2/0066_0085_0022_0142_0142_8.jpg 1 85 22 142 142
positive_v2/0067_0083_0022_0123_0123_8.jpg 1 83 22 123 123
positive_v2/0068_0087_0238_0056_0056_8.jpg 1 87 238 56 56
positive_v2/0069_0241_0366_0050_0050_8.jpg 1 241 366 50 50
positive_v2/0070_0110_0074_0064_0064_8.jpg 1 110 74 64 64
positive_v2/0071_0171_0377_0114_0114_8.jpg 1 171 377 114 114
positive_v2/0072_0355_0228_0160_0160_8.jpg 1 355 228 160 160
positive_v2/0073_0030_0071_0109_0109_8.jpg 1 30 71 109 109
positive_v2/0074_0040_0018_0144_0144_8.jpg 1 40 18 144 144
positive_v2/0075_0100_0030_0147_0147_8.jpg 1 100 30 147 147
positive_v2/0076_0147_0164_0165_0165_8.jpg 1 147 164 165 165
positive_v2/0077_0030_0053_0148_0148_8.jpg 1 30 53 148 148
positive_v2/0078_0416_0060_0095_0095_8.jpg 1 416 60 95 95
positive_v2/0079_0020_0058_0159_0159_8.jpg 1 20 58 159 159
positive_v2/0080_0187_0028_0078_0078_8.jpg 1 187 28 78 78
positive_v2/0081_0043_0218_0080_0080_8.jpg 1 43 218 80 80
positive_v2/0082_0040_0055_0156_0156_8.jpg 1 40 55 156 156
positive_v2/0083_0048_0050_0078_0078_8.jpg 1 48 50 78 78
positive_v2/0084_0360_0250_0156_0156_8.jpg 1 360 250 156 156
positive_v2/0085_0277_0086_0107_0107_8.jpg 1 277 86 107 107
positive_v2/0086_0067_0178_0123_0123_8.jpg 1 67 178 123 123
positive_v2/0087_0223_0168_0078_0078_8.jpg 1 223 168 78 78
positive_v2/0088_0065_0086_0061_0061_8.jpg 1 65 86 61 61
positive_v2/0089_0252_0113_0111_0111_8.jpg 1 252 113 111 111
positive_v2/0090_0024_0052_0145_0145_8.jpg 1 24 52 145 145
positive_v2/0091_0040_0071_0105_0105_8.jpg 1 40 71 105 105
positive_v2/0092_0089_0026_0105_0105_8.jpg 1 89 26 105 105
positive_v2/0093_0121_0116_0144_0144_8.jpg 1 121 116 144 144
positive_v2/0094_0076_0067_0124_0124_8.jpg 1 76 67 124 124
positive_v2/0095_0285_0056_0132_0132_8.jpg 1 285 56 132 132
positive_v2/0096_0047_0030_0129_0129_8.jpg 1 47 30 129 129
positive_v2/0097_0105_0048_0151_0151_8.jpg 1 105 48 151 151
positive_v2/0098_0048_0019_0164_0164_8.jpg 1 48 19 164 164
positive_v2/0099_0068_0103_0088_0088_8.jpg 1 68 103 88 88
positive_v2/0100_0073_0067_0101_0101_8.jpg 1 73 67 101 101
positive_v2/0101_0188_0253_0122_0122_8.jpg 1 188 253 122 122
positive_v2/0102_0101_0123_0062_0062_8.jpg 1 101 123 62 62
positive_v2/0103_0179_0055_0069_0069_8.jpg 1 179 55 69 69
positive_v2/0104_0049_0019_0120_0120_8.jpg 1 49 19 120 120
positive_v2/0105_0064_0008_0167_0167_8.jpg 1 64 8 167 167
positive_v2/0106_0246_0260_0126_0126_8.jpg 1 246 260 126 126
positive_v2/0107_0158_0222_0140_0140_8.jpg 1 158 222 140 140
positive_v2/0108_0048_0100_0058_0058_8.jpg 1 48 100 58 58
positive_v2/0109_0310_0099_0144_0144_8.jpg 1 310 99 144 144
positive_v2/0110_0119_0115_0080_0080_8.jpg 1 119 115 80 80
positive_v2/0111_0156_0089_0051_0051_8.jpg 1 156 89 51 51
positive_v2/0112_0129_0390_0117_0117_8.jpg 1 129 390 117 117
positive_v2/0113_0179_0017_0093_0093_8.jpg 1 179 17 93 93
positive_v2/0114_0036_0030_0145_0145_8.jpg 1 36 30 145 145
positive_v2/0115_0210_0136_0092_0092_8.jpg 1 210 136 92 92
positive_v2/0116_0278_0116_0141_0141_8.jpg 1 278 116 141 141
positive_v2/0117_0085_0123_0056_0056_8.jpg 1 85 123 56 56
positive_v2/0118_0115_0078_0091_0091_8.jpg 1 115 78 91 91
positive_v2/0119_0056_0081_0135_0135_8.jpg 1 56 81 135 135
positive_v2/0120_0072_0078_0138_0138_8.jpg 1 72 78 138 138
positive_v2/0121_0038_0047_0119_0119_8.jpg 1 38 47 119 119
positive_v2/0122_0084_0218_0145_0145_8.jpg 1 84 218 145 145
positive_v2/0123_0125_0051_0137_0137_8.jpg 1 125 51 137 137
positive_v2/0124_0222_0067_0078_0078_8.jpg 1 222 67 78 78
positive_v2/0125_0184_0024_0113_0113_8.jpg 1 184 24 113 113
positive_v2/0126_0126_0135_0060_0060_8.jpg 1 126 135 60 60
positive_v2/0127_0040_0095_0088_0088_8.jpg 1 40 95 88 88
positive_v2/0128_0057_0081_0107_0107_8.jpg 1 57 81 107 107
positive_v2/0001_0045_0025_0144_0144_9.jpg 1 45 25 144 144
positive_v2/0002_0043_0078_0096_0096_9.jpg 1 43 78 96 96
positive_v2/0003_0209_0084_0120_0120_9.jpg 1 209 84 120 120
positive_v2/0004_0057_0015_0136_0136_9.jpg 1 57 15 136 136
positive_v2/0005_0056_0051_0116_0116_9.jpg 1 56 51 116 116
positive_v2/0006_0249_0031_0109_0109_9.jpg 1 249 31 109 109
positive_v2/0007_0057_0056_0157_0157_9.jpg 1 57 56 157 157
positive_v2/0008_0393_0256_0069_0069_9.jpg 1 393 256 69 69
positive_v2/0009_0299_0126_0153_0153_9.jpg 1 299 126 153 153
positive_v2/0010_0354_0187_0147_0147_9.jpg 1 354 187 147 147
positive_v2/0011_0055_0086_0127_0127_9.jpg 1 55 86 127 127
positive_v2/0012_0052_0063_0129_0129_9.jpg 1 52 63 129 129
positive_v2/0013_0042_0092_0048_0048_9.jpg 1 42 92 48 48
positive_v2/0014_0244_0067_0068_0068_9.jpg 1 244 67 68 68
positive_v2/0015_0383_0083_0096_0096_9.jpg 1 383 83 96 96
positive_v2/0016_0087_0100_0067_0067_9.jpg 1 87 100 67 67
positive_v2/0017_0269_0056_0166_0166_9.jpg 1 269 56 166 166
positive_v2/0018_0031_0048_0140_0140_9.jpg 1 31 48 140 140
positive_v2/0019_0138_0205_0065_0065_9.jpg 1 138 205 65 65
positive_v2/0020_0122_0030_0164_0164_9.jpg 1 122 30 164 164
positive_v2/0021_0100_0258_0151_0151_9.jpg 1 100 258 151 151
positive_v2/0022_0317_0067_0071_0071_9.jpg 1 317 67 71 71
positive_v2/0023_0138_0119_0105_0105_9.jpg 1 138 119 105 105
positive_v2/0024_0189_0250_0161_0161_9.jpg 1 189 250 161 161
positive_v2/0025_0091_0367_0151_0151_9.jpg 1 91 367 151 151
positive_v2/0026_0050_0011_0153_0153_9.jpg 1 50 11 153 153
positive_v2/0027_0052_0038_0056_0056_9.jpg 1 52 38 56 56
positive_v2/0028_0189_0096_0155_0155_9.jpg 1 189 96 155 155
positive_v2/0029_1148_1027_0146_0146_9.jpg 1 1148 1027 146 146
positive_v2/0030_0097_0058_0118_0118_9.jpg 1 97 58 118 118
positive_v2/0031_0318_0103_0160_0160_9.jpg 1 318 103 160 160
positive_v2/0032_0211_0179_0135_0135_9.jpg 1 211 179 135 135
positive_v2/0033_0055_0010_0153_0153_9.jpg 1 55 10 153 153
positive_v2/0034_0148_0100_0114_0114_9.jpg 1 148 100 114 114
positive_v2/0035_0165_0103_0091_0091_9.jpg 1 165 103 91 91
positive_v2/0036_0076_0035_0154_0154_9.jpg 1 76 35 154 154
positive_v2/0037_0056_0036_0139_0139_9.jpg 1 56 36 139 139
positive_v2/0038_0288_0174_0151_0151_9.jpg 1 288 174 151 151
positive_v2/0039_0097_0055_0123_0123_9.jpg 1 97 55 123 123
positive_v2/0040_0079_0089_0061_0061_9.jpg 1 79 89 61 61
positive_v2/0041_0152_0037_0114_0114_9.jpg 1 152 37 114 114
positive_v2/0042_0032_0039_0130_0130_9.jpg 1 32 39 130 130
positive_v2/0043_0120_0057_0072_0072_9.jpg 1 120 57 72 72
positive_v2/0044_0091_0013_0134_0134_9.jpg 1 91 13 134 134
positive_v2/0045_0038_0071_0114_0114_9.jpg 1 38 71 114 114
positive_v2/0046_0091_0234_0101_0101_9.jpg 1 91 234 101 101
positive_v2/0047_0067_0029_0163_0163_9.jpg 1 67 29 163 163
positive_v2/0048_0390_0159_0065_0065_9.jpg 1 390 159 65 65
positive_v2/0049_0492_0411_0048_0048_9.jpg 1 492 411 48 48
positive_v2/0050_0237_0372_0124_0124_9.jpg 1 237 372 124 124
positive_v2/0051_0060_0316_0050_0050_9.jpg 1 60 316 50 50
positive_v2/0052_0189_0040_0086_0086_9.jpg 1 189 40 86 86
positive_v2/0053_0055_0163_0082_0082_9.jpg 1 55 163 82 82
positive_v2/0054_0115_0105_0111_0111_9.jpg 1 115 105 111 111
positive_v2/0055_0099_0034_0134_0134_9.jpg 1 99 34 134 134
positive_v2/0056_0046_0038_0089_0089_9.jpg 1 46 38 89 89
positive_v2/0057_0109_0043_0130_0130_9.jpg 1 109 43 130 130
positive_v2/0058_0083_0106_0061_0061_9.jpg 1 83 106 61 61
positive_v2/0059_0089_0123_0068_0068_9.jpg 1 89 123 68 68
positive_v2/0060_0371_0103_0104_0104_9.jpg 1 371 103 104 104
positive_v2/0061_0360_0118_0157_0157_9.jpg 1 360 118 157 157
positive_v2/0062_0017_0121_0053_0053_9.jpg 1 17 121 53 53
positive_v2/0063_0143_0047_0070_0070_9.jpg 1 143 47 70 70
positive_v2/0064_0206_0185_0106_0106_9.jpg 1 206 185 106 106
positive_v2/0065_0075_0094_0115_0115_9.jpg 1 75 94 115 115
positive_v2/0066_0077_0022_0142_0142_9.jpg 1 77 22 142 142
positive_v2/0067_0223_0069_0123_0123_9.jpg 1 223 69 123 123
positive_v2/0068_0087_0238_0056_0056_9.jpg 1 87 238 56 56
positive_v2/0069_0076_0058_0050_0050_9.jpg 1 76 58 50 50
positive_v2/0070_0181_0062_0064_0064_9.jpg 1 181 62 64 64
positive_v2/0071_0171_0377_0114_0114_9.jpg 1 171 377 114 114
positive_v2/0072_0355_0228_0160_0160_9.jpg 1 355 228 160 160
positive_v2/0073_0024_0071_0109_0109_9.jpg 1 24 71 109 109
positive_v2/0074_0075_0006_0144_0144_9.jpg 1 75 6 144 144
positive_v2/0075_0285_0109_0147_0147_9.jpg 1 285 109 147 147
positive_v2/0076_0097_0247_0165_0165_9.jpg 1 97 247 165 165
positive_v2/0077_0030_0053_0148_0148_9.jpg 1 30 53 148 148
positive_v2/0078_0169_0026_0095_0095_9.jpg 1 169 26 95 95
positive_v2/0079_0020_0058_0159_0159_9.jpg 1 20 58 159 159
positive_v2/0080_0115_0033_0078_0078_9.jpg 1 115 33 78 78
positive_v2/0081_0113_0313_0080_0080_9.jpg 1 113 313 80 80
positive_v2/0082_0097_0318_0156_0156_9.jpg 1 97 318 156 156
positive_v2/0083_0048_0050_0078_0078_9.jpg 1 48 50 78 78
positive_v2/0084_0360_0250_0156_0156_9.jpg 1 360 250 156 156
positive_v2/0085_0038_0021_0107_0107_9.jpg 1 38 21 107 107
positive_v2/0086_0067_0178_0123_0123_9.jpg 1 67 178 123 123
positive_v2/0087_0228_0129_0078_0078_9.jpg 1 228 129 78 78
positive_v2/0088_0065_0086_0061_0061_9.jpg 1 65 86 61 61
positive_v2/0089_0167_0102_0111_0111_9.jpg 1 167 102 111 111
positive_v2/0090_0048_0052_0145_0145_9.jpg 1 48 52 145 145
positive_v2/0091_0096_0071_0105_0105_9.jpg 1 96 71 105 105
positive_v2/0092_0089_0026_0105_0105_9.jpg 1 89 26 105 105
positive_v2/0093_0073_0050_0144_0144_9.jpg 1 73 50 144 144
positive_v2/0094_0214_0031_0124_0124_9.jpg 1 214 31 124 124
positive_v2/0095_0160_0090_0132_0132_9.jpg 1 160 90 132 132
positive_v2/0096_0047_0030_0129_0129_9.jpg 1 47 30 129 129
positive_v2/0097_0072_0048_0151_0151_9.jpg 1 72 48 151 151
positive_v2/0098_0023_0036_0164_0164_9.jpg 1 23 36 164 164
positive_v2/0099_0056_0103_0088_0088_9.jpg 1 56 103 88 88
positive_v2/0100_0073_0067_0101_0101_9.jpg 1 73 67 101 101
positive_v2/0101_0072_0083_0122_0122_9.jpg 1 72 83 122 122
positive_v2/0102_0106_0101_0062_0062_9.jpg 1 106 101 62 62
positive_v2/0103_0179_0055_0069_0069_9.jpg 1 179 55 69 69
positive_v2/0104_0010_0039_0120_0120_9.jpg 1 10 39 120 120
positive_v2/0105_0051_0038_0167_0167_9.jpg 1 51 38 167 167
positive_v2/0106_0093_0083_0126_0126_9.jpg 1 93 83 126 126
positive_v2/0107_0160_0226_0140_0140_9.jpg 1 160 226 140 140
positive_v2/0108_0043_0169_0058_0058_9.jpg 1 43 169 58 58
positive_v2/0109_0310_0099_0144_0144_9.jpg 1 310 99 144 144
positive_v2/0110_0119_0115_0080_0080_9.jpg 1 119 115 80 80
positive_v2/0111_0146_0089_0051_0051_9.jpg 1 146 89 51 51
positive_v2/0112_0187_0270_0117_0117_9.jpg 1 187 270 117 117
positive_v2/0113_0072_0035_0093_0093_9.jpg 1 72 35 93 93
positive_v2/0114_0104_0109_0145_0145_9.jpg 1 104 109 145 145
positive_v2/0115_0100_0083_0092_0092_9.jpg 1 100 83 92 92
positive_v2/0116_0189_0170_0141_0141_9.jpg 1 189 170 141 141
positive_v2/0117_0050_0081_0056_0056_9.jpg 1 50 81 56 56
positive_v2/0118_0276_0206_0091_0091_9.jpg 1 276 206 91 91
positive_v2/0119_0051_0090_0135_0135_9.jpg 1 51 90 135 135
positive_v2/0120_0025_0067_0138_0138_9.jpg 1 25 67 138 138
positive_v2/0121_0049_0047_0119_0119_9.jpg 1 49 47 119 119
positive_v2/0122_0084_0218_0145_0145_9.jpg 1 84 218 145 145
positive_v2/0123_0236_0249_0137_0137_9.jpg 1 236 249 137 137
positive_v2/0124_0222_0067_0078_0078_9.jpg 1 222 67 78 78
positive_v2/0125_0234_0038_0113_0113_9.jpg 1 234 38 113 113
positive_v2/0126_0126_0135_0060_0060_9.jpg 1 126 135 60 60
positive_v2/0127_0104_0085_0088_0088_9.jpg 1 104 85 88 88
positive_v2/0128_0145_0232_0107_0107_9.jpg 1 145 232 107 107
positive_v2/0001_0045_0025_0144_0144_10.jpg 1 45 25 144 144
positive_v2/0002_0043_0078_0096_0096_10.jpg 1 43 78 96 96
positive_v2/0003_0080_0028_0120_0120_10.jpg 1 80 28 120 120
positive_v2/0004_0057_0015_0136_0136_10.jpg 1 57 15 136 136
positive_v2/0005_0046_0068_0116_0116_10.jpg 1 46 68 116 116
positive_v2/0006_0333_0043_0109_0109_10.jpg 1 333 43 109 109
positive_v2/0007_0057_0057_0157_0157_10.jpg 1 57 57 157 157
positive_v2/0008_0393_0256_0069_0069_10.jpg 1 393 256 69 69
positive_v2/0009_0299_0126_0153_0153_10.jpg 1 299 126 153 153
positive_v2/0010_0354_0187_0147_0147_10.jpg 1 354 187 147 147
positive_v2/0011_0051_0089_0127_0127_10.jpg 1 51 89 127 127
positive_v2/0012_0014_0063_0129_0129_10.jpg 1 14 63 129 129
positive_v2/0013_0147_0092_0048_0048_10.jpg 1 147 92 48 48
positive_v2/0014_0155_0094_0068_0068_10.jpg 1 155 94 68 68
positive_v2/0015_0383_0083_0096_0096_10.jpg 1 383 83 96 96
positive_v2/0016_0084_0100_0067_0067_10.jpg 1 84 100 67 67
positive_v2/0017_0087_0013_0166_0166_10.jpg 1 87 13 166 166
positive_v2/0018_0021_0048_0140_0140_10.jpg 1 21 48 140 140
positive_v2/0019_0199_0183_0065_0065_10.jpg 1 199 183 65 65
positive_v2/0020_0122_0030_0164_0164_10.jpg 1 122 30 164 164
positive_v2/0021_0100_0258_0151_0151_10.jpg 1 100 258 151 151
positive_v2/0022_0317_0067_0071_0071_10.jpg 1 317 67 71 71
positive_v2/0023_0138_0119_0105_0105_10.jpg 1 138 119 105 105
positive_v2/0024_0189_0250_0161_0161_10.jpg 1 189 250 161 161
positive_v2/0025_0047_0066_0151_0151_10.jpg 1 47 66 151 151
positive_v2/0026_0005_0036_0153_0153_10.jpg 1 5 36 153 153
positive_v2/0027_0047_0041_0056_0056_10.jpg 1 47 41 56 56
positive_v2/0028_0019_0025_0155_0155_10.jpg 1 19 25 155 155
positive_v2/0029_0081_0073_0146_0146_10.jpg 1 81 73 146 146
positive_v2/0030_0018_0017_0118_0118_10.jpg 1 18 17 118 118
positive_v2/0031_0070_0053_0160_0160_10.jpg 1 70 53 160 160
positive_v2/0032_0076_0063_0135_0135_10.jpg 1 76 63 135 135
positive_v2/0033_0088_0010_0153_0153_10.jpg 1 88 10 153 153
positive_v2/0034_0148_0100_0114_0114_10.jpg 1 148 100 114 114
positive_v2/0035_0165_0103_0091_0091_10.jpg 1 165 103 91 91
positive_v2/0036_0223_0134_0154_0154_10.jpg 1 223 134 154 154
positive_v2/0037_0056_0036_0139_0139_10.jpg 1 56 36 139 139
positive_v2/0038_0099_0047_0151_0151_10.jpg 1 99 47 151 151
positive_v2/0039_0097_0055_0123_0123_10.jpg 1 97 55 123 123
positive_v2/0040_0035_0038_0061_0061_10.jpg 1 35 38 61 61
positive_v2/0041_0152_0037_0114_0114_10.jpg 1 152 37 114 114
positive_v2/0042_0060_0062_0130_0130_10.jpg 1 60 62 130 130
positive_v2/0043_0120_0057_0072_0072_10.jpg 1 120 57 72 72
positive_v2/0044_0249_0043_0134_0134_10.jpg 1 249 43 134 134
positive_v2/0045_0038_0071_0114_0114_10.jpg 1 38 71 114 114
positive_v2/0046_0091_0234_0101_0101_10.jpg 1 91 234 101 101
positive_v2/0047_0067_0042_0163_0163_10.jpg 1 67 42 163 163
positive_v2/0048_0390_0159_0065_0065_10.jpg 1 390 159 65 65
positive_v2/0049_0205_0132_0048_0048_10.jpg 1 205 132 48 48
positive_v2/0050_0344_0257_0124_0124_10.jpg 1 344 257 124 124
positive_v2/0051_0037_0100_0050_0050_10.jpg 1 37 100 50 50
positive_v2/0052_0620_0086_0086_0086_10.jpg 1 620 86 86 86
positive_v2/0053_0033_0046_0082_0082_10.jpg 1 33 46 82 82
positive_v2/0054_0163_0173_0111_0111_10.jpg 1 163 173 111 111
positive_v2/0055_0382_0110_0134_0134_10.jpg 1 382 110 134 134
positive_v2/0056_0224_0101_0089_0089_10.jpg 1 224 101 89 89
positive_v2/0057_0299_0118_0130_0130_10.jpg 1 299 118 130 130
positive_v2/0058_0083_0106_0061_0061_10.jpg 1 83 106 61 61
positive_v2/0059_0092_0103_0068_0068_10.jpg 1 92 103 68 68
positive_v2/0060_0147_0036_0104_0104_10.jpg 1 147 36 104 104
positive_v2/0061_0360_0118_0157_0157_10.jpg 1 360 118 157 157
positive_v2/0062_0023_0121_0053_0053_10.jpg 1 23 121 53 53
positive_v2/0063_0143_0047_0070_0070_10.jpg 1 143 47 70 70
positive_v2/0064_0082_0066_0106_0106_10.jpg 1 82 66 106 106
positive_v2/0065_0077_0071_0115_0115_10.jpg 1 77 71 115 115
positive_v2/0066_0077_0022_0142_0142_10.jpg 1 77 22 142 142
positive_v2/0067_0223_0058_0123_0123_10.jpg 1 223 58 123 123
positive_v2/0068_0119_0172_0056_0056_10.jpg 1 119 172 56 56
positive_v2/0069_0131_0183_0050_0050_10.jpg 1 131 183 50 50
positive_v2/0070_0105_0074_0064_0064_10.jpg 1 105 74 64 64
positive_v2/0071_0171_0377_0114_0114_10.jpg 1 171 377 114 114
positive_v2/0072_0355_0190_0160_0160_10.jpg 1 355 190 160 160
positive_v2/0073_0058_0071_0109_0109_10.jpg 1 58 71 109 109
positive_v2/0074_0075_0007_0144_0144_10.jpg 1 75 7 144 144
positive_v2/0075_0285_0109_0147_0147_10.jpg 1 285 109 147 147
positive_v2/0076_0097_0247_0165_0165_10.jpg 1 97 247 165 165
positive_v2/0077_0089_0196_0148_0148_10.jpg 1 89 196 148 148
positive_v2/0078_0169_0026_0095_0095_10.jpg 1 169 26 95 95
positive_v2/0079_0020_0058_0159_0159_10.jpg 1 20 58 159 159
positive_v2/0080_0187_0033_0078_0078_10.jpg 1 187 33 78 78
positive_v2/0081_0064_0204_0080_0080_10.jpg 1 64 204 80 80
positive_v2/0082_0025_0055_0156_0156_10.jpg 1 25 55 156 156
positive_v2/0083_0048_0035_0078_0078_10.jpg 1 48 35 78 78
positive_v2/0084_0360_0250_0156_0156_10.jpg 1 360 250 156 156
positive_v2/0085_0396_0060_0107_0107_10.jpg 1 396 60 107 107
positive_v2/0086_0068_0181_0123_0123_10.jpg 1 68 181 123 123
positive_v2/0087_0162_0226_0078_0078_10.jpg 1 162 226 78 78
positive_v2/0088_0065_0086_0061_0061_10.jpg 1 65 86 61 61
positive_v2/0089_0121_0018_0111_0111_10.jpg 1 121 18 111 111
positive_v2/0090_0116_0276_0145_0145_10.jpg 1 116 276 145 145
positive_v2/0091_0096_0067_0105_0105_10.jpg 1 96 67 105 105
positive_v2/0092_0225_0064_0105_0105_10.jpg 1 225 64 105 105
positive_v2/0093_0128_0097_0144_0144_10.jpg 1 128 97 144 144
positive_v2/0094_0313_0139_0124_0124_10.jpg 1 313 139 124 124
positive_v2/0095_0333_0073_0132_0132_10.jpg 1 333 73 132 132
positive_v2/0096_0079_0040_0129_0129_10.jpg 1 79 40 129 129
positive_v2/0097_0105_0048_0151_0151_10.jpg 1 105 48 151 151
positive_v2/0098_0048_0006_0164_0164_10.jpg 1 48 6 164 164
positive_v2/0099_0075_0103_0088_0088_10.jpg 1 75 103 88 88
positive_v2/0100_0833_0661_0101_0101_10.jpg 1 833 661 101 101
positive_v2/0101_0072_0083_0122_0122_10.jpg 1 72 83 122 122
positive_v2/0102_0238_0289_0062_0062_10.jpg 1 238 289 62 62
positive_v2/0103_0128_0076_0069_0069_10.jpg 1 128 76 69 69
positive_v2/0104_0026_0039_0120_0120_10.jpg 1 26 39 120 120
positive_v2/0105_0131_0251_0167_0167_10.jpg 1 131 251 167 167
positive_v2/0106_0093_0083_0126_0126_10.jpg 1 93 83 126 126
positive_v2/0107_0160_0226_0140_0140_10.jpg 1 160 226 140 140
positive_v2/0108_0085_0217_0058_0058_10.jpg 1 85 217 58 58
positive_v2/0109_0310_0099_0144_0144_10.jpg 1 310 99 144 144
positive_v2/0110_0119_0115_0080_0080_10.jpg 1 119 115 80 80
positive_v2/0111_0208_0078_0051_0051_10.jpg 1 208 78 51 51
positive_v2/0112_0187_0270_0117_0117_10.jpg 1 187 270 117 117
positive_v2/0113_0432_0092_0093_0093_10.jpg 1 432 92 93 93
positive_v2/0114_0104_0109_0145_0145_10.jpg 1 104 109 145 145
positive_v2/0115_0062_0060_0092_0092_10.jpg 1 62 60 92 92
positive_v2/0116_0098_0033_0141_0141_10.jpg 1 98 33 141 141
positive_v2/0117_0050_0081_0056_0056_10.jpg 1 50 81 56 56
positive_v2/0118_0115_0078_0091_0091_10.jpg 1 115 78 91 91
positive_v2/0119_0045_0079_0135_0135_10.jpg 1 45 79 135 135
positive_v2/0120_0011_0034_0138_0138_10.jpg 1 11 34 138 138
positive_v2/0121_0063_0047_0119_0119_10.jpg 1 63 47 119 119
positive_v2/0122_0084_0218_0145_0145_10.jpg 1 84 218 145 145
positive_v2/0123_0125_0051_0137_0137_10.jpg 1 125 51 137 137
positive_v2/0124_0222_0067_0078_0078_10.jpg 1 222 67 78 78
positive_v2/0125_0143_0018_0113_0113_10.jpg 1 143 18 113 113
positive_v2/0126_0126_0135_0060_0060_10.jpg 1 126 135 60 60
positive_v2/0127_0073_0095_0088_0088_10.jpg 1 73 95 88 88
positive_v2/0128_0145_0232_0107_0107_10.jpg 1 145 232 107 107
positive_v2/0001_0045_0025_0144_0144_11.jpg 1 45 25 144 144
positive_v2/0002_0043_0078_0096_0096_11.jpg 1 43 78 96 96
positive_v2/0003_0015_0028_0120_0120_11.jpg 1 15 28 120 120
positive_v2/0004_0057_0015_0136_0136_11.jpg 1 57 15 136 136
positive_v2/0005_0056_0068_0116_0116_11.jpg 1 56 68 116 116
positive_v2/0006_0333_0043_0109_0109_11.jpg 1 333 43 109 109
positive_v2/0007_0057_0057_0157_0157_11.jpg 1 57 57 157 157
positive_v2/0008_0393_0256_0069_0069_11.jpg 1 393 256 69 69
positive_v2/0009_0299_0126_0153_0153_11.jpg 1 299 126 153 153
positive_v2/0010_0354_0187_0147_0147_11.jpg 1 354 187 147 147
positive_v2/0011_0178_0240_0127_0127_11.jpg 1 178 240 127 127
positive_v2/0012_0008_0063_0129_0129_11.jpg 1 8 63 129 129
positive_v2/0013_0147_0090_0048_0048_11.jpg 1 147 90 48 48
positive_v2/0014_0176_0093_0068_0068_11.jpg 1 176 93 68 68
positive_v2/0015_0157_0031_0096_0096_11.jpg 1 157 31 96 96
positive_v2/0016_0117_0100_0067_0067_11.jpg 1 117 100 67 67
positive_v2/0017_0087_0013_0166_0166_11.jpg 1 87 13 166 166
positive_v2/0018_0048_0044_0140_0140_11.jpg 1 48 44 140 140
positive_v2/0019_0260_0262_0065_0065_11.jpg 1 260 262 65 65
positive_v2/0020_0372_0128_0164_0164_11.jpg 1 372 128 164 164
positive_v2/0021_0100_0258_0151_0151_11.jpg 1 100 258 151 151
positive_v2/0022_0317_0067_0071_0071_11.jpg 1 317 67 71 71
positive_v2/0023_0138_0119_0105_0105_11.jpg 1 138 119 105 105
positive_v2/0024_0189_0208_0161_0161_11.jpg 1 189 208 161 161
positive_v2/0025_0047_0066_0151_0151_11.jpg 1 47 66 151 151
positive_v2/0026_0050_0027_0153_0153_11.jpg 1 50 27 153 153
positive_v2/0027_0049_0032_0056_0056_11.jpg 1 49 32 56 56
positive_v2/0028_0064_0018_0155_0155_11.jpg 1 64 18 155 155
positive_v2/0029_1148_1027_0146_0146_11.jpg 1 1148 1027 146 146
positive_v2/0030_0189_0066_0118_0118_11.jpg 1 189 66 118 118
positive_v2/0031_0103_0051_0160_0160_11.jpg 1 103 51 160 160
positive_v2/0032_0208_0208_0135_0135_11.jpg 1 208 208 135 135
positive_v2/0033_0014_0010_0153_0153_11.jpg 1 14 10 153 153
positive_v2/0034_0148_0100_0114_0114_11.jpg 1 148 100 114 114
positive_v2/0035_0165_0103_0091_0091_11.jpg 1 165 103 91 91
positive_v2/0036_0223_0134_0154_0154_11.jpg 1 223 134 154 154
positive_v2/0037_0056_0036_0139_0139_11.jpg 1 56 36 139 139
positive_v2/0038_0015_0047_0151_0151_11.jpg 1 15 47 151 151
positive_v2/0039_0097_0055_0123_0123_11.jpg 1 97 55 123 123
positive_v2/0040_0035_0038_0061_0061_11.jpg 1 35 38 61 61
positive_v2/0041_0152_0037_0114_0114_11.jpg 1 152 37 114 114
positive_v2/0042_0162_0108_0130_0130_11.jpg 1 162 108 130 130
positive_v2/0043_0035_0023_0072_0072_11.jpg 1 35 23 72 72
positive_v2/0044_0249_0043_0134_0134_11.jpg 1 249 43 134 134
positive_v2/0045_0101_0211_0114_0114_11.jpg 1 101 211 114 114
positive_v2/0046_0091_0234_0101_0101_11.jpg 1 91 234 101 101
positive_v2/0047_0203_0189_0163_0163_11.jpg 1 203 189 163 163
positive_v2/0048_0390_0159_0065_0065_11.jpg 1 390 159 65 65
positive_v2/0049_0188_0210_0048_0048_11.jpg 1 188 210 48 48
positive_v2/0050_0344_0257_0124_0124_11.jpg 1 344 257 124 124
positive_v2/0051_0082_0230_0050_0050_11.jpg 1 82 230 50 50
positive_v2/0052_0375_0058_0086_0086_11.jpg 1 375 58 86 86
positive_v2/0053_0033_0046_0082_0082_11.jpg 1 33 46 82 82
positive_v2/0054_0163_0173_0111_0111_11.jpg 1 163 173 111 111
positive_v2/0055_0205_0071_0134_0134_11.jpg 1 205 71 134 134
positive_v2/0056_0224_0087_0089_0089_11.jpg 1 224 87 89 89
positive_v2/0057_0294_0137_0130_0130_11.jpg 1 294 137 130 130
positive_v2/0058_0083_0106_0061_0061_11.jpg 1 83 106 61 61
positive_v2/0059_0067_0123_0068_0068_11.jpg 1 67 123 68 68
positive_v2/0060_0371_0103_0104_0104_11.jpg 1 371 103 104 104
positive_v2/0061_0360_0118_0157_0157_11.jpg 1 360 118 157 157
positive_v2/0062_0024_0121_0053_0053_11.jpg 1 24 121 53 53
positive_v2/0063_0143_0047_0070_0070_11.jpg 1 143 47 70 70
positive_v2/0064_0082_0066_0106_0106_11.jpg 1 82 66 106 106
positive_v2/0065_0019_0094_0115_0115_11.jpg 1 19 94 115 115
positive_v2/0066_0140_0020_0142_0142_11.jpg 1 140 20 142 142
positive_v2/0067_0220_0068_0123_0123_11.jpg 1 220 68 123 123
positive_v2/0068_0119_0172_0056_0056_11.jpg 1 119 172 56 56
positive_v2/0069_0130_0206_0050_0050_11.jpg 1 130 206 50 50
positive_v2/0070_0082_0074_0064_0064_11.jpg 1 82 74 64 64
positive_v2/0071_0171_0377_0114_0114_11.jpg 1 171 377 114 114
positive_v2/0072_0355_0228_0160_0160_11.jpg 1 355 228 160 160
positive_v2/0073_0058_0056_0109_0109_11.jpg 1 58 56 109 109
positive_v2/0074_0073_0018_0144_0144_11.jpg 1 73 18 144 144
positive_v2/0075_0100_0030_0147_0147_11.jpg 1 100 30 147 147
positive_v2/0076_0147_0164_0165_0165_11.jpg 1 147 164 165 165
positive_v2/0077_0089_0196_0148_0148_11.jpg 1 89 196 148 148
positive_v2/0078_0169_0026_0095_0095_11.jpg 1 169 26 95 95
positive_v2/0079_0020_0058_0159_0159_11.jpg 1 20 58 159 159
positive_v2/0080_0139_0033_0078_0078_11.jpg 1 139 33 78 78
positive_v2/0081_0113_0313_0080_0080_11.jpg 1 113 313 80 80
positive_v2/0082_0025_0055_0156_0156_11.jpg 1 25 55 156 156
positive_v2/0083_0045_0050_0078_0078_11.jpg 1 45 50 78 78
positive_v2/0084_0241_0374_0156_0156_11.jpg 1 241 374 156 156
positive_v2/0085_0105_0021_0107_0107_11.jpg 1 105 21 107 107
positive_v2/0086_0025_0058_0123_0123_11.jpg 1 25 58 123 123
positive_v2/0087_0189_0203_0078_0078_11.jpg 1 189 203 78 78
positive_v2/0088_0639_0673_0061_0061_11.jpg 1 639 673 61 61
positive_v2/0089_0077_0046_0111_0111_11.jpg 1 77 46 111 111
positive_v2/0090_0071_0052_0145_0145_11.jpg 1 71 52 145 145
positive_v2/0091_0096_0071_0105_0105_11.jpg 1 96 71 105 105
positive_v2/0092_0155_0105_0105_0105_11.jpg 1 155 105 105 105
positive_v2/0093_0071_0070_0144_0144_11.jpg 1 71 70 144 144
positive_v2/0094_0057_0034_0124_0124_11.jpg 1 57 34 124 124
positive_v2/0095_0354_0168_0132_0132_11.jpg 1 354 168 132 132
positive_v2/0096_0017_0012_0129_0129_11.jpg 1 17 12 129 129
positive_v2/0097_0102_0048_0151_0151_11.jpg 1 102 48 151 151
positive_v2/0098_0048_0036_0164_0164_11.jpg 1 48 36 164 164
positive_v2/0099_0075_0103_0088_0088_11.jpg 1 75 103 88 88
positive_v2/0100_0073_0067_0101_0101_11.jpg 1 73 67 101 101
positive_v2/0101_0191_0219_0122_0122_11.jpg 1 191 219 122 122
positive_v2/0102_0238_0289_0062_0062_11.jpg 1 238 289 62 62
positive_v2/0103_0179_0055_0069_0069_11.jpg 1 179 55 69 69
positive_v2/0104_0049_0021_0120_0120_11.jpg 1 49 21 120 120
positive_v2/0105_0131_0251_0167_0167_11.jpg 1 131 251 167 167
positive_v2/0106_0093_0083_0126_0126_11.jpg 1 93 83 126 126
positive_v2/0107_0057_0065_0140_0140_11.jpg 1 57 65 140 140
positive_v2/0108_0076_0302_0058_0058_11.jpg 1 76 302 58 58
positive_v2/0109_0310_0099_0144_0144_11.jpg 1 310 99 144 144
positive_v2/0110_0119_0115_0080_0080_11.jpg 1 119 115 80 80
positive_v2/0111_0148_0089_0051_0051_11.jpg 1 148 89 51 51
positive_v2/0112_0187_0270_0117_0117_11.jpg 1 187 270 117 117
positive_v2/0113_0179_0023_0093_0093_11.jpg 1 179 23 93 93
positive_v2/0114_0104_0109_0145_0145_11.jpg 1 104 109 145 145
positive_v2/0115_0134_0141_0092_0092_11.jpg 1 134 141 92 92
positive_v2/0116_0278_0116_0141_0141_11.jpg 1 278 116 141 141
positive_v2/0117_0082_0259_0056_0056_11.jpg 1 82 259 56 56
positive_v2/0118_0115_0078_0091_0091_11.jpg 1 115 78 91 91
positive_v2/0119_0118_0187_0135_0135_11.jpg 1 118 187 135 135
positive_v2/0120_0023_0030_0138_0138_11.jpg 1 23 30 138 138
positive_v2/0121_0063_0047_0119_0119_11.jpg 1 63 47 119 119
positive_v2/0122_0084_0218_0145_0145_11.jpg 1 84 218 145 145
positive_v2/0123_0125_0051_0137_0137_11.jpg 1 125 51 137 137
positive_v2/0124_0222_0067_0078_0078_11.jpg 1 222 67 78 78
positive_v2/0125_0065_0013_0113_0113_11.jpg 1 65 13 113 113
positive_v2/0126_0126_0135_0060_0060_11.jpg 1 126 135 60 60
positive_v2/0127_0095_0095_0088_0088_11.jpg 1 95 95 88 88
positive_v2/0128_0057_0081_0107_0107_11.jpg 1 57 81 107 107
positive_v2/0001_0045_0025_0144_0144_12.jpg 1 45 25 144 144
positive_v2/0002_0043_0078_0096_0096_12.jpg 1 43 78 96 96
positive_v2/0003_0052_0028_0120_0120_12.jpg 1 52 28 120 120
positive_v2/0004_0057_0015_0136_0136_12.jpg 1 57 15 136 136
positive_v2/0005_0026_0068_0116_0116_12.jpg 1 26 68 116 116
positive_v2/0006_0333_0043_0109_0109_12.jpg 1 333 43 109 109
positive_v2/0007_0008_0057_0157_0157_12.jpg 1 8 57 157 157
positive_v2/0008_0393_0256_0069_0069_12.jpg 1 393 256 69 69
positive_v2/0009_0167_0224_0153_0153_12.jpg 1 167 224 153 153
positive_v2/0010_0239_0277_0147_0147_12.jpg 1 239 277 147 147
positive_v2/0011_0296_0365_0127_0127_12.jpg 1 296 365 127 127
positive_v2/0012_0141_0199_0129_0129_12.jpg 1 141 199 129 129
positive_v2/0013_0147_0081_0048_0048_12.jpg 1 147 81 48 48
positive_v2/0014_0244_0067_0068_0068_12.jpg 1 244 67 68 68
positive_v2/0015_0157_0031_0096_0096_12.jpg 1 157 31 96 96
positive_v2/0016_0123_0100_0067_0067_12.jpg 1 123 100 67 67
positive_v2/0017_0269_0056_0166_0166_12.jpg 1 269 56 166 166
positive_v2/0018_0044_0048_0140_0140_12.jpg 1 44 48 140 140
positive_v2/0019_0196_0191_0065_0065_12.jpg 1 196 191 65 65
positive_v2/0020_0122_0030_0164_0164_12.jpg 1 122 30 164 164
positive_v2/0021_0100_0258_0151_0151_12.jpg 1 100 258 151 151
positive_v2/0022_0227_0093_0071_0071_12.jpg 1 227 93 71 71
positive_v2/0023_0138_0119_0105_0105_12.jpg 1 138 119 105 105
positive_v2/0024_0189_0208_0161_0161_12.jpg 1 189 208 161 161
positive_v2/0025_0065_0271_0151_0151_12.jpg 1 65 271 151 151
positive_v2/0026_0006_0036_0153_0153_12.jpg 1 6 36 153 153
positive_v2/0027_0064_0035_0056_0056_12.jpg 1 64 35 56 56
positive_v2/0028_0033_0025_0155_0155_12.jpg 1 33 25 155 155
positive_v2/0029_0081_0073_0146_0146_12.jpg 1 81 73 146 146
positive_v2/0030_0097_0047_0118_0118_12.jpg 1 97 47 118 118
positive_v2/0031_0159_0117_0160_0160_12.jpg 1 159 117 160 160
positive_v2/0032_0211_0179_0135_0135_12.jpg 1 211 179 135 135
positive_v2/0033_0003_0010_0153_0153_12.jpg 1 3 10 153 153
positive_v2/0034_0148_0100_0114_0114_12.jpg 1 148 100 114 114
positive_v2/0035_0395_0270_0091_0091_12.jpg 1 395 270 91 91
positive_v2/0036_0223_0134_0154_0154_12.jpg 1 223 134 154 154
positive_v2/0037_0056_0036_0139_0139_12.jpg 1 56 36 139 139
positive_v2/0038_0288_0174_0151_0151_12.jpg 1 288 174 151 151
positive_v2/0039_0097_0055_0123_0123_12.jpg 1 97 55 123 123
positive_v2/0040_0035_0038_0061_0061_12.jpg 1 35 38 61 61
positive_v2/0041_0152_0037_0114_0114_12.jpg 1 152 37 114 114
positive_v2/0042_0141_0097_0130_0130_12.jpg 1 141 97 130 130
positive_v2/0043_0120_0057_0072_0072_12.jpg 1 120 57 72 72
positive_v2/0044_0249_0043_0134_0134_12.jpg 1 249 43 134 134
positive_v2/0045_0038_0071_0114_0114_12.jpg 1 38 71 114 114
positive_v2/0046_0091_0234_0101_0101_12.jpg 1 91 234 101 101
positive_v2/0047_0203_0189_0163_0163_12.jpg 1 203 189 163 163
positive_v2/0048_0390_0159_0065_0065_12.jpg 1 390 159 65 65
positive_v2/0049_0121_0096_0048_0048_12.jpg 1 121 96 48 48
positive_v2/0050_0237_0372_0124_0124_12.jpg 1 237 372 124 124
positive_v2/0051_0082_0201_0050_0050_12.jpg 1 82 201 50 50
positive_v2/0052_0078_0014_0086_0086_12.jpg 1 78 14 86 86
positive_v2/0053_0078_0116_0082_0082_12.jpg 1 78 116 82 82
positive_v2/0054_0163_0173_0111_0111_12.jpg 1 163 173 111 111
positive_v2/0055_0101_0056_0134_0134_12.jpg 1 101 56 134 134
positive_v2/0056_0224_0101_0089_0089_12.jpg 1 224 101 89 89
positive_v2/0057_0109_0043_0130_0130_12.jpg 1 109 43 130 130
positive_v2/0058_0135_0343_0061_0061_12.jpg 1 135 343 61 61
positive_v2/0059_0092_0109_0068_0068_12.jpg 1 92 109 68 68
positive_v2/0060_0147_0036_0104_0104_12.jpg 1 147 36 104 104
positive_v2/0061_0360_0118_0157_0157_12.jpg 1 360 118 157 157
positive_v2/0062_0012_0121_0053_0053_12.jpg 1 12 121 53 53
positive_v2/0063_0143_0047_0070_0070_12.jpg 1 143 47 70 70
positive_v2/0064_0206_0185_0106_0106_12.jpg 1 206 185 106 106
positive_v2/0065_0077_0094_0115_0115_12.jpg 1 77 94 115 115
positive_v2/0066_0082_0022_0142_0142_12.jpg 1 82 22 142 142
positive_v2/0067_0223_0058_0123_0123_12.jpg 1 223 58 123 123
positive_v2/0068_0119_0172_0056_0056_12.jpg 1 119 172 56 56
positive_v2/0069_0131_0207_0050_0050_12.jpg 1 131 207 50 50
positive_v2/0070_0082_0074_0064_0064_12.jpg 1 82 74 64 64
positive_v2/0071_0246_0262_0114_0114_12.jpg 1 246 262 114 114
positive_v2/0072_0355_0190_0160_0160_12.jpg 1 355 190 160 160
positive_v2/0073_0050_0071_0109_0109_12.jpg 1 50 71 109 109
positive_v2/0074_0075_0003_0144_0144_12.jpg 1 75 3 144 144
positive_v2/0075_0100_0030_0147_0147_12.jpg 1 100 30 147 147
positive_v2/0076_0147_0164_0165_0165_12.jpg 1 147 164 165 165
positive_v2/0077_0030_0053_0148_0148_12.jpg 1 30 53 148 148
positive_v2/0078_0169_0026_0095_0095_12.jpg 1 169 26 95 95
positive_v2/0079_0020_0058_0159_0159_12.jpg 1 20 58 159 159
positive_v2/0080_0435_0084_0078_0078_12.jpg 1 435 84 78 78
positive_v2/0081_0113_0313_0080_0080_12.jpg 1 113 313 80 80
positive_v2/0082_0025_0055_0156_0156_12.jpg 1 25 55 156 156
positive_v2/0083_0014_0050_0078_0078_12.jpg 1 14 50 78 78
positive_v2/0084_0360_0250_0156_0156_12.jpg 1 360 250 156 156
positive_v2/0085_0158_0017_0107_0107_12.jpg 1 158 17 107 107
positive_v2/0086_0068_0154_0123_0123_12.jpg 1 68 154 123 123
positive_v2/0087_0090_0066_0078_0078_12.jpg 1 90 66 78 78
positive_v2/0088_0065_0086_0061_0061_12.jpg 1 65 86 61 61
positive_v2/0089_0122_0084_0111_0111_12.jpg 1 122 84 111 111
positive_v2/0090_0201_0183_0145_0145_12.jpg 1 201 183 145 145
positive_v2/0091_0096_0071_0105_0105_12.jpg 1 96 71 105 105
positive_v2/0092_0089_0026_0105_0105_12.jpg 1 89 26 105 105
positive_v2/0093_0166_0091_0144_0144_12.jpg 1 166 91 144 144
positive_v2/0094_0223_0095_0124_0124_12.jpg 1 223 95 124 124
positive_v2/0095_0270_0023_0132_0132_12.jpg 1 270 23 132 132
positive_v2/0096_0016_0022_0129_0129_12.jpg 1 16 22 129 129
positive_v2/0097_0105_0048_0151_0151_12.jpg 1 105 48 151 151
positive_v2/0098_0023_0036_0164_0164_12.jpg 1 23 36 164 164
positive_v2/0099_0075_0103_0088_0088_12.jpg 1 75 103 88 88
positive_v2/0100_0073_0067_0101_0101_12.jpg 1 73 67 101 101
positive_v2/0101_0072_0083_0122_0122_12.jpg 1 72 83 122 122
positive_v2/0102_0241_0293_0062_0062_12.jpg 1 241 293 62 62
positive_v2/0103_0179_0055_0069_0069_12.jpg 1 179 55 69 69
positive_v2/0104_0011_0039_0120_0120_12.jpg 1 11 39 120 120
positive_v2/0105_0030_0038_0167_0167_12.jpg 1 30 38 167 167
positive_v2/0106_0246_0260_0126_0126_12.jpg 1 246 260 126 126
positive_v2/0107_0109_0331_0140_0140_12.jpg 1 109 331 140 140
positive_v2/0108_0080_0253_0058_0058_12.jpg 1 80 253 58 58
positive_v2/0109_0310_0099_0144_0144_12.jpg 1 310 99 144 144
positive_v2/0110_0277_0287_0080_0080_12.jpg 1 277 287 80 80
positive_v2/0111_0208_0089_0051_0051_12.jpg 1 208 89 51 51
positive_v2/0112_0190_0234_0117_0117_12.jpg 1 190 234 117 117
positive_v2/0113_0305_0131_0093_0093_12.jpg 1 305 131 93 93
positive_v2/0114_0104_0109_0145_0145_12.jpg 1 104 109 145 145
positive_v2/0115_0205_0160_0092_0092_12.jpg 1 205 160 92 92
positive_v2/0116_0278_0116_0141_0141_12.jpg 1 278 116 141 141
positive_v2/0117_0112_0188_0056_0056_12.jpg 1 112 188 56 56
positive_v2/0118_0115_0078_0091_0091_12.jpg 1 115 78 91 91
positive_v2/0119_0030_0058_0135_0135_12.jpg 1 30 58 135 135
positive_v2/0120_0075_0030_0138_0138_12.jpg 1 75 30 138 138
positive_v2/0121_0063_0043_0119_0119_12.jpg 1 63 43 119 119
positive_v2/0122_0084_0218_0145_0145_12.jpg 1 84 218 145 145
positive_v2/0123_0344_0169_0137_0137_12.jpg 1 344 169 137 137
positive_v2/0124_0222_0067_0078_0078_12.jpg 1 222 67 78 78
positive_v2/0125_0164_0035_0113_0113_12.jpg 1 164 35 113 113
positive_v2/0126_0281_0317_0060_0060_12.jpg 1 281 317 60 60
positive_v2/0127_0104_0048_0088_0088_12.jpg 1 104 48 88 88
positive_v2/0128_0057_0081_0107_0107_12.jpg 1 57 81 107 107